TEFF   5777.  GRAVITY 4.44000 LTE 
TITLE ATLAS12                                                                   
 OPACITY IFOP 1 1 1 1 1 1 1 1 1 1 1 1 1 0 1 0 1 0 0 0
 CONVECTION ON   1.25 TURBULENCE OFF  0.00  0.00  0.00  0.00
ABUNDANCE SCALE   1.00000 ABUNDANCE CHANGE 1 0.92068 2 0.07836
 ABUNDANCE CHANGE  3 -10.99  4 -10.66  5  -9.34  6  -3.61  7  -4.21  8  -3.35
 ABUNDANCE CHANGE  9  -7.48 10  -4.11 11  -5.80 12  -4.44 13  -5.59 14  -4.53
 ABUNDANCE CHANGE 15  -6.63 16  -4.92 17  -6.54 18  -5.64 19  -7.01 20  -5.70
 ABUNDANCE CHANGE 21  -8.89 22  -7.09 23  -8.11 24  -6.40 25  -6.61 26  -4.54
 ABUNDANCE CHANGE 27  -7.05 28  -5.82 29  -7.85 30  -7.48 31  -9.00 32  -8.39
 ABUNDANCE CHANGE 33  -9.74 34  -8.70 35  -9.50 36  -8.79 37  -9.52 38  -9.17
 ABUNDANCE CHANGE 39  -9.83 40  -9.46 41 -10.58 42 -10.16 43 -20.00 44 -10.29
 ABUNDANCE CHANGE 45 -11.13 46 -10.47 47 -11.10 48 -10.33 49 -11.24 50 -10.00
 ABUNDANCE CHANGE 51 -11.03 52  -9.86 53 -10.49 54  -9.80 55 -10.96 56  -9.86
 ABUNDANCE CHANGE 57 -10.94 58 -10.46 59 -11.32 60 -10.62 61 -20.00 62 -11.08
 ABUNDANCE CHANGE 63 -11.52 64 -10.97 65 -11.74 66 -10.94 67 -11.56 68 -11.12
 ABUNDANCE CHANGE 69 -11.94 70 -11.20 71 -11.94 72 -11.19 73 -12.16 74 -11.19
 ABUNDANCE CHANGE 75 -11.78 76 -10.64 77 -10.66 78 -10.42 79 -11.12 80 -10.87
 ABUNDANCE CHANGE 81 -11.14 82 -10.29 83 -11.39 84 -20.00 85 -20.00 86 -20.00
 ABUNDANCE CHANGE 87 -20.00 88 -20.00 89 -20.00 90 -12.02 91 -20.00 92 -12.58
 ABUNDANCE CHANGE 93 -20.00 94 -20.00 95 -20.00 96 -20.00 97 -20.00 98 -20.00
 ABUNDANCE CHANGE 99 -20.00
 ABUNDANCE TABLE
    1H   0.920680       2He  0.078360
    3Li-10.990 0.000    4Be-10.660 0.000    5B  -9.340 0.000    6C  -3.610 0.000    7N  -4.210 0.000
    8O  -3.350 0.000    9F  -7.480 0.000   10Ne -4.110 0.000   11Na -5.800 0.000   12Mg -4.440 0.000
   13Al -5.590 0.000   14Si -4.530 0.000   15P  -6.630 0.000   16S  -4.920 0.000   17Cl -6.540 0.000
   18Ar -5.640 0.000   19K  -7.010 0.000   20Ca -5.700 0.000   21Sc -8.890 0.000   22Ti -7.090 0.000
   23V  -8.110 0.000   24Cr -6.400 0.000   25Mn -6.610 0.000   26Fe -4.540 0.000   27Co -7.050 0.000
   28Ni -5.820 0.000   29Cu -7.850 0.000   30Zn -7.480 0.000   31Ga -9.000 0.000   32Ge -8.390 0.000
   33As -9.740 0.000   34Se -8.700 0.000   35Br -9.500 0.000   36Kr -8.790 0.000   37Rb -9.520 0.000
   38Sr -9.170 0.000   39Y  -9.830 0.000   40Zr -9.460 0.000   41Nb-10.580 0.000   42Mo-10.160 0.000
   43Tc-20.000 0.000   44Ru-10.290 0.000   45Rh-11.130 0.000   46Pd-10.470 0.000   47Ag-11.100 0.000
   48Cd-10.330 0.000   49In-11.240 0.000   50Sn-10.000 0.000   51Sb-11.030 0.000   52Te -9.860 0.000
   53I -10.490 0.000   54Xe -9.800 0.000   55Cs-10.960 0.000   56Ba -9.860 0.000   57La-10.940 0.000
   58Ce-10.460 0.000   59Pr-11.320 0.000   60Nd-10.620 0.000   61Pm-20.000 0.000   62Sm-11.080 0.000
   63Eu-11.520 0.000   64Gd-10.970 0.000   65Tb-11.740 0.000   66Dy-10.940 0.000   67Ho-11.560 0.000
   68Er-11.120 0.000   69Tm-11.940 0.000   70Yb-11.200 0.000   71Lu-11.940 0.000   72Hf-11.190 0.000
   73Ta-12.160 0.000   74W -11.190 0.000   75Re-11.780 0.000   76Os-10.640 0.000   77Ir-10.660 0.000
   78Pt-10.420 0.000   79Au-11.120 0.000   80Hg-10.870 0.000   81Tl-11.140 0.000   82Pb-10.290 0.000
   83Bi-11.390 0.000   84Po-20.000 0.000   85At-20.000 0.000   86Rn-20.000 0.000   87Fr-20.000 0.000
   88Ra-20.000 0.000   89Ac-20.000 0.000   90Th-12.020 0.000   91Pa-20.000 0.000   92U -12.580 0.000
   93NP-20.000 0.000   94Pu-20.000 0.000   95Am-20.000 0.000   96Cm-20.000 0.000   97Bk-20.000 0.000
   98Cf-20.000 0.000   99Es-20.000 0.000
READ DECK6 72 RHOX,T,P,XNE,ABROSS,ACCRAD,VTURB
 5.21252990E-04   3744.9 1.436E+01 2.531E+09 2.558E-04 6.266E-02 1.000E+05 0.000E+00 0.000E+00
 6.82518592E-04   3757.5 1.880E+01 3.253E+09 2.958E-04 7.024E-02 1.000E+05 0.000E+00 0.000E+00
 8.69263228E-04   3773.4 2.394E+01 4.077E+09 3.395E-04 7.449E-02 1.000E+05 0.000E+00 0.000E+00
 1.08668488E-03   3791.0 2.993E+01 5.024E+09 3.881E-04 7.730E-02 1.000E+05 0.000E+00 0.000E+00
 1.34052542E-03   3809.7 3.692E+01 6.118E+09 4.426E-04 7.946E-02 1.000E+05 0.000E+00 0.000E+00
 1.63752389E-03   3829.5 4.510E+01 7.388E+09 5.042E-04 8.108E-02 1.000E+05 0.000E+00 0.000E+00
 1.98531713E-03   3850.3 5.468E+01 8.862E+09 5.740E-04 8.233E-02 1.000E+05 0.000E+00 0.000E+00
 2.39273109E-03   3872.2 6.590E+01 1.058E+10 6.534E-04 8.298E-02 1.000E+05 0.000E+00 0.000E+00
 2.87001537E-03   3895.0 7.905E+01 1.258E+10 7.438E-04 8.329E-02 1.000E+05 0.000E+00 0.000E+00
 3.42908915E-03   3918.6 9.445E+01 1.490E+10 8.468E-04 8.313E-02 1.000E+05 0.000E+00 0.000E+00
 4.08382795E-03   3942.7 1.125E+02 1.761E+10 9.643E-04 8.265E-02 1.000E+05 0.000E+00 0.000E+00
 4.85035493E-03   3967.2 1.336E+02 2.077E+10 1.098E-03 8.207E-02 1.000E+05 0.000E+00 0.000E+00
 5.74795157E-03   3992.0 1.583E+02 2.444E+10 1.251E-03 8.140E-02 1.000E+05 0.000E+00 0.000E+00
 6.79804254E-03   4017.0 1.872E+02 2.870E+10 1.426E-03 8.074E-02 1.000E+05 0.000E+00 0.000E+00
 8.02712624E-03   4042.2 2.211E+02 3.366E+10 1.625E-03 8.010E-02 1.000E+05 0.000E+00 0.000E+00
 9.46459748E-03   4067.4 2.607E+02 3.942E+10 1.853E-03 7.959E-02 1.000E+05 0.000E+00 0.000E+00
 1.11464940E-02   4092.8 3.070E+02 4.611E+10 2.113E-03 7.926E-02 1.000E+05 0.000E+00 0.000E+00
 1.31125940E-02   4118.4 3.612E+02 5.388E+10 2.409E-03 7.905E-02 1.000E+05 0.000E+00 0.000E+00
 1.54123896E-02   4144.1 4.245E+02 6.290E+10 2.748E-03 7.899E-02 1.000E+05 0.000E+00 0.000E+00
 1.80994618E-02   4170.1 4.985E+02 7.338E+10 3.135E-03 7.918E-02 1.000E+05 0.000E+00 0.000E+00
 2.12420460E-02   4196.4 5.851E+02 8.556E+10 3.577E-03 7.949E-02 1.000E+05 0.000E+00 0.000E+00
 2.49133725E-02   4223.1 6.862E+02 9.970E+10 4.082E-03 7.994E-02 1.000E+05 0.000E+00 0.000E+00
 2.92051572E-02   4250.3 8.044E+02 1.161E+11 4.658E-03 8.047E-02 1.000E+05 0.000E+00 0.000E+00
 3.42178781E-02   4277.7 9.424E+02 1.352E+11 5.317E-03 8.128E-02 1.000E+05 0.000E+00 0.000E+00
 4.00763918E-02   4305.6 1.104E+03 1.574E+11 6.069E-03 8.216E-02 1.000E+05 0.000E+00 0.000E+00
 4.69179532E-02   4333.9 1.292E+03 1.832E+11 6.927E-03 8.321E-02 1.000E+05 0.000E+00 0.000E+00
 5.49137736E-02   4362.5 1.512E+03 2.131E+11 7.907E-03 8.454E-02 1.000E+05 0.000E+00 0.000E+00
 6.42503601E-02   4391.4 1.770E+03 2.478E+11 9.027E-03 8.603E-02 1.000E+05 0.000E+00 0.000E+00
 7.51612696E-02   4420.5 2.070E+03 2.881E+11 1.031E-02 8.784E-02 1.000E+05 0.000E+00 0.000E+00
 8.79005144E-02   4449.9 2.421E+03 3.349E+11 1.176E-02 8.994E-02 1.000E+05 0.000E+00 0.000E+00
 1.02788544E-01   4479.2 2.831E+03 3.892E+11 1.343E-02 9.243E-02 1.000E+05 0.000E+00 0.000E+00
 1.20171313E-01   4508.6 3.310E+03 4.522E+11 1.533E-02 9.539E-02 1.000E+05 0.000E+00 0.000E+00
 1.40487097E-01   4537.9 3.869E+03 5.252E+11 1.750E-02 9.891E-02 1.000E+05 0.000E+00 0.000E+00
 1.64207100E-01   4567.0 4.523E+03 6.098E+11 1.998E-02 1.031E-01 1.000E+05 0.000E+00 0.000E+00
 1.91931929E-01   4596.0 5.286E+03 7.079E+11 2.281E-02 1.080E-01 1.000E+05 0.000E+00 0.000E+00
 2.24305136E-01   4624.9 6.178E+03 8.215E+11 2.603E-02 1.137E-01 1.000E+05 0.000E+00 0.000E+00
 2.62149297E-01   4653.6 7.220E+03 9.530E+11 2.971E-02 1.204E-01 1.000E+05 0.000E+00 0.000E+00
 3.06341978E-01   4682.5 8.437E+03 1.106E+12 3.391E-02 1.283E-01 1.000E+05 0.000E+00 0.000E+00
 3.58002280E-01   4711.5 9.860E+03 1.282E+12 3.870E-02 1.374E-01 1.000E+05 0.000E+00 0.000E+00
 4.18350621E-01   4741.1 1.152E+04 1.488E+12 4.416E-02 1.480E-01 1.000E+05 0.000E+00 0.000E+00
 4.88886014E-01   4771.6 1.346E+04 1.726E+12 5.039E-02 1.602E-01 1.000E+05 0.000E+00 0.000E+00
 5.71297760E-01   4803.6 1.573E+04 2.005E+12 5.751E-02 1.744E-01 1.000E+05 0.000E+00 0.000E+00
 6.67595841E-01   4837.8 1.839E+04 2.330E+12 6.564E-02 1.907E-01 1.000E+05 0.000E+00 0.000E+00
 7.80102529E-01   4875.0 2.149E+04 2.712E+12 7.493E-02 2.094E-01 1.000E+05 0.000E+00 0.000E+00
 9.11510897E-01   4916.3 2.511E+04 3.164E+12 8.555E-02 2.309E-01 1.000E+05 0.000E+00 0.000E+00
 1.06495201E+00   4963.4 2.933E+04 3.703E+12 9.774E-02 2.554E-01 1.000E+05 0.000E+00 0.000E+00
 1.24399467E+00   5017.5 3.426E+04 4.350E+12 1.117E-01 2.836E-01 1.000E+05 0.000E+00 0.000E+00
 1.45272825E+00   5080.8 4.001E+04 5.139E+12 1.279E-01 3.159E-01 1.000E+05 0.000E+00 0.000E+00
 1.69555885E+00   5155.3 4.670E+04 6.116E+12 1.468E-01 3.534E-01 1.000E+05 0.000E+00 0.000E+00
 1.97719448E+00   5243.3 5.446E+04 7.358E+12 1.692E-01 3.977E-01 1.000E+05 0.000E+00 0.000E+00
 2.30162423E+00   5346.5 6.339E+04 8.989E+12 1.968E-01 4.527E-01 1.000E+05 0.000E+00 0.000E+00
 2.67063856E+00   5469.4 7.355E+04 1.127E+13 2.330E-01 5.257E-01 1.000E+05 0.000E+00 0.000E+00
 3.08020678E+00   5616.9 8.484E+04 1.471E+13 2.845E-01 6.303E-01 1.000E+05 0.000E+00 0.000E+00
 3.51897241E+00   5784.9 9.692E+04 2.015E+13 3.618E-01 7.912E-01 1.000E+05 0.000E+00 0.000E+00
 3.96461114E+00   5991.8 1.092E+05 2.984E+13 4.912E-01 1.062E+00 1.000E+05 1.170E+04 0.000E+00
 4.38996170E+00   6228.8 1.209E+05 4.704E+13 7.060E-01 1.514E+00 1.000E+05 1.755E+06 6.208E+03
 4.77083812E+00   6513.2 1.314E+05 8.005E+13 1.088E+00 2.314E+00 1.000E+05 3.017E+07 3.220E+04
 5.09117933E+00   6842.3 1.402E+05 1.432E+14 1.770E+00 3.679E+00 1.000E+05 1.368E+08 7.871E+04
 5.34688504E+00   7217.7 1.473E+05 2.636E+14 3.004E+00 5.798E+00 1.000E+05 4.872E+08 1.120E+05
 5.55145731E+00   7576.0 1.529E+05 4.497E+14 4.868E+00 7.789E+00 1.000E+05 1.240E+09 1.682E+05
 5.72730686E+00   7879.5 1.577E+05 6.839E+14 7.227E+00 8.534E+00 1.000E+05 2.202E+09 2.030E+05
 5.89219072E+00   8129.4 1.623E+05 9.466E+14 9.926E+00 8.310E+00 1.000E+05 3.012E+09 2.202E+05
 6.05539911E+00   8355.6 1.668E+05 1.252E+15 1.315E+01 7.916E+00 1.000E+05 3.582E+09 2.251E+05
 6.22255340E+00   8559.1 1.714E+05 1.593E+15 1.686E+01 7.376E+00 1.000E+05 3.988E+09 2.292E+05
 6.39848769E+00   8748.1 1.762E+05 1.977E+15 2.115E+01 6.982E+00 1.000E+05 4.289E+09 2.271E+05
 6.58685085E+00   8930.3 1.814E+05 2.417E+15 2.623E+01 6.649E+00 1.000E+05 4.504E+09 2.281E+05
 6.79084939E+00   9105.8 1.870E+05 2.915E+15 3.213E+01 6.250E+00 1.000E+05 4.612E+09 2.222E+05
 7.01397702E+00   9276.8 1.931E+05 3.479E+15 3.900E+01 5.954E+00 1.000E+05 4.672E+09 2.199E+05
 7.25918038E+00   9450.1 1.999E+05 4.136E+15 4.722E+01 5.585E+00 1.000E+05 4.740E+09 2.145E+05
 7.53116807E+00   9613.3 2.073E+05 4.853E+15 5.635E+01 5.268E+00 1.000E+05 4.801E+09 2.126E+05
 7.83372902E+00   9788.7 2.157E+05 5.727E+15 6.778E+01 5.001E+00 1.000E+05 4.832E+09 2.070E+05
 8.17232603E+00   9949.0 2.250E+05 6.653E+15 8.006E+01 4.967E+00 1.000E+05 4.880E+09 2.040E+05
PRADK 1.4879E+00
BEGIN                    ITERATION  45 COMPLETED
