# CH(2601) - H-coefficient matrix
# 2601 values
# READ(unit,*) (CH(i),i=1,2601)
 7.15528120e-07 -7.63679981e-07 -7.15500186e-07 -7.15459313e-07 -7.15399161e-07 -7.15312983e-07 -7.15165254e-07 -7.14858701e-07 -7.14382582e-07
-7.13607800e-07 -7.12377050e-07 -7.10300825e-07 -7.06860448e-07 -7.01420388e-07 -6.93063611e-07 -6.79532139e-07 -6.63270842e-07 -6.41769994e-07
-6.06941637e-07 -5.67254987e-07 -5.22282879e-07 -4.70473751e-07 -4.14388755e-07 -3.53840218e-07 -2.91560381e-07 -2.33727889e-07 -1.88154634e-07
-1.48244615e-07 -1.14444272e-07 -8.53987435e-08 -6.43470333e-08 -4.56539380e-08 -3.26942276e-08 -2.21150989e-08 -1.50875635e-08 -1.03652019e-08
-6.33939388e-09 -3.46859459e-09 -1.70493170e-09 -7.13016572e-10 -2.27726935e-10 -7.40657549e-11 -2.44269562e-11 -8.14546806e-12 -2.74070206e-12
-5.42231753e-13 -1.08693370e-13 -2.20183137e-14 -4.49889022e-15 -5.47402692e-16 -6.72957970e-17  1.49142688e-06 -3.90281313e-07 -1.61431531e-06
-1.49134752e-06 -1.49120973e-06 -1.49097554e-06 -1.49063560e-06 -1.49006119e-06 -1.48907404e-06 -1.48745761e-06 -1.48489081e-06 -1.48056166e-06
-1.47338907e-06 -1.46204838e-06 -1.44462816e-06 -1.41642180e-06 -1.38252570e-06 -1.33770838e-06 -1.26511114e-06 -1.18238754e-06 -1.08864711e-06
-9.80655730e-07 -8.63751857e-07 -7.37544289e-07 -6.07728094e-07 -4.87182021e-07 -3.92189148e-07 -3.09000744e-07 -2.38547359e-07 -1.78004914e-07
-1.34124776e-07 -9.51609333e-08 -6.81477476e-08 -4.60966417e-08 -3.14484678e-08 -2.16051921e-08 -1.32138108e-08 -7.22992635e-09 -3.55375351e-09
-1.48620912e-09 -4.74673171e-10 -1.54382378e-10 -5.09154535e-11 -1.69783820e-11 -5.71270866e-12 -1.13022573e-12 -2.26560028e-13 -4.58948851e-14
-9.37746872e-15 -1.14100396e-15 -1.40271087e-16  1.52106578e-06  1.68212841e-06  4.09944249e-07 -1.75645270e-06 -1.52097046e-06 -1.52073553e-06
-1.52034786e-06 -1.51978995e-06 -1.51877481e-06 -1.51712012e-06 -1.51449942e-06 -1.51008118e-06 -1.50276284e-06 -1.49119345e-06 -1.47342353e-06
-1.44465254e-06 -1.41007905e-06 -1.36436695e-06 -1.29032132e-06 -1.20594808e-06 -1.11033885e-06 -1.00019498e-06 -8.80961299e-07 -7.52238763e-07
-6.19835885e-07 -4.96887979e-07 -4.00002484e-07 -3.15156696e-07 -2.43299681e-07 -1.81551082e-07 -1.36796756e-07 -9.70566781e-08 -6.95053428e-08
-4.70149442e-08 -3.20749578e-08 -2.20355911e-08 -1.34770434e-08 -7.37395328e-09 -3.62454737e-09 -1.51581560e-09 -4.84129008e-10 -1.57457780e-10
-5.19297218e-11 -1.73166017e-11 -5.82650912e-12 -1.15274044e-12 -2.31073221e-13 -4.68091342e-14 -9.56427242e-15 -1.16373329e-15 -1.43065350e-16
 2.98150821e-06  2.98161961e-06  3.02985925e-06  5.50707149e-07 -3.40191479e-06 -2.98116452e-06 -2.98048320e-06 -2.97927252e-06 -2.97725646e-06
-2.97401344e-06 -2.96886903e-06 -2.96020082e-06 -2.94584763e-06 -2.92316158e-06 -2.88832120e-06 -2.83191590e-06 -2.76413769e-06 -2.67452550e-06
-2.52937199e-06 -2.36397499e-06 -2.17655345e-06 -1.96064093e-06 -1.72691069e-06 -1.47458038e-06 -1.21503614e-06 -9.74026455e-07 -7.84106027e-07
-6.17786634e-07 -4.76928629e-07 -3.55885746e-07 -2.68155970e-07 -1.90255412e-07 -1.36247871e-07 -9.21610475e-08 -6.28749313e-08 -4.31952603e-08
-2.64183673e-08 -1.44547867e-08 -7.10501576e-09 -2.97137592e-09 -9.49013288e-10 -3.08656397e-10 -1.01795161e-10 -3.39448415e-11 -1.14214051e-11
-2.25965748e-12 -4.52960874e-13 -9.17575200e-14 -1.87483472e-14 -2.28120596e-15 -2.80443572e-16  5.33941059e-06  5.33959050e-06  5.33971838e-06
 5.46288397e-06  9.45594076e-07 -5.99346507e-06 -5.33838396e-06 -5.33622077e-06 -5.33261638e-06 -5.32678301e-06 -5.31753886e-06 -5.30199406e-06
-5.27626139e-06 -5.23560527e-06 -5.17318158e-06 -5.07213438e-06 -4.95072325e-06 -4.79020869e-06 -4.53021687e-06 -4.23397287e-06 -3.89828536e-06
-3.51157189e-06 -3.09294861e-06 -2.64101390e-06 -2.17616046e-06 -1.74450433e-06 -1.40435137e-06 -1.10646897e-06 -8.54188854e-07 -6.37398304e-07
-4.80272397e-07 -3.40750911e-07 -2.44022354e-07 -1.65062027e-07 -1.12610054e-07 -7.73634273e-08 -4.73157247e-08 -2.58887527e-08 -1.27251939e-08
-5.32177962e-09 -1.69969699e-09 -5.52808151e-10 -1.82316613e-10 -6.07956998e-11 -2.04558995e-11 -4.04707848e-12 -8.11259273e-13 -1.64338996e-13
-3.35785494e-14 -4.08567126e-15 -5.02278278e-16  9.13329675e-06  9.13358176e-06  9.13380306e-06  9.13420159e-06  9.37031962e-06  1.47104366e-06
-1.03630349e-05 -9.13025211e-06 -9.12398505e-06 -9.11390737e-06 -9.09802697e-06 -9.07135096e-06 -9.02725015e-06 -8.95762338e-06 -8.85075952e-06
-8.67781716e-06 -8.47005078e-06 -8.19539043e-06 -7.75053819e-06 -7.24367751e-06 -6.66934449e-06 -6.00772113e-06 -5.29151194e-06 -4.51831779e-06
-3.72302663e-06 -2.98453429e-06 -2.40259068e-06 -1.89296597e-06 -1.46135960e-06 -1.09047012e-06 -8.21656389e-07 -5.82960842e-07 -4.17476248e-07
-2.82389890e-07 -1.92654440e-07 -1.32354098e-07 -8.09481724e-08 -4.42906997e-08 -2.17703641e-08 -9.10454075e-09 -2.90785360e-09 -9.45747879e-10
-3.11908427e-10 -1.04009658e-10 -3.49960749e-11 -6.92376506e-12 -1.38790687e-12 -2.81152041e-13 -5.74463594e-14 -6.98978740e-15 -8.59300205e-16
 1.61715949e-05  1.61720720e-05  1.61724330e-05  1.61730963e-05  1.61743243e-05  1.65968833e-05  3.13002612e-06 -1.85271744e-05 -1.61620847e-05
-1.61440014e-05 -1.61156455e-05 -1.60681414e-05 -1.59898028e-05 -1.58662617e-05 -1.56767807e-05 -1.53702665e-05 -1.50021225e-05 -1.45155180e-05
-1.37274731e-05 -1.28296443e-05 -1.18123413e-05 -1.06404566e-05 -9.37191392e-06 -8.00246045e-06 -6.59388527e-06 -5.28591985e-06 -4.25522842e-06
-3.35262610e-06 -2.58820551e-06 -1.93132270e-06 -1.45522738e-06 -1.03247504e-06 -7.39386642e-07 -5.00136599e-07 -3.41207244e-07 -2.34410137e-07
-1.43365879e-07 -7.84424320e-08 -3.85570653e-08 -1.61248655e-08 -5.15003730e-09 -1.67499319e-09 -5.52413963e-10 -1.84209108e-10 -6.19807297e-11
-1.22625154e-11 -2.45808833e-12 -4.97941514e-13 -1.01741831e-13 -1.23794385e-14 -1.52188503e-15  2.97035986e-05  2.97044194e-05  2.97050368e-05
 2.97061753e-05  2.97082586e-05  2.97119611e-05  3.03723299e-05  5.59251004e-06 -3.39127760e-05 -2.96749188e-05 -2.96219260e-05 -2.95338145e-05
-2.93890504e-05 -2.91612567e-05 -2.88123315e-05 -2.82483380e-05 -2.75712512e-05 -2.66765293e-05 -2.52278235e-05 -2.35775061e-05 -2.17077264e-05
-1.95539426e-05 -1.72226003e-05 -1.47058714e-05 -1.21172992e-05 -9.71365644e-06 -7.81957905e-06 -6.16090061e-06 -4.75616197e-06 -3.54904619e-06
-2.67415660e-06 -1.89729441e-06 -1.35870797e-06 -9.19057204e-07 -6.27005937e-07 -4.30754070e-07 -2.63450092e-07 -1.44146186e-07 -7.08525779e-08
-2.96310732e-08 -9.46370616e-09 -3.07796454e-09 -1.01511437e-09 -3.38501999e-10 -1.13895526e-10 -2.25335364e-11 -4.51696914e-12 -9.15014236e-13
-1.86960114e-13 -2.27483682e-14 -2.79660454e-15  5.33166603e-05  5.33180333e-05  5.33190646e-05  5.33209602e-05  5.33244220e-05  5.33305318e-05
 5.33411700e-05  5.45903715e-05  9.45344212e-06 -5.98750523e-05 -5.32379559e-05 -5.30766673e-05 -5.28137644e-05 -5.24019279e-05 -5.17726607e-05
-5.07570460e-05 -4.95388096e-05 -4.79297869e-05 -4.53254263e-05 -4.23593245e-05 -3.89992680e-05 -3.51292236e-05 -3.09404208e-05 -2.64187551e-05
-2.17681883e-05 -1.74499821e-05 -1.40472898e-05 -1.10675313e-05 -8.54399479e-06 -6.37549656e-06 -4.80383043e-06 -3.40827054e-06 -2.44075547e-06
-1.65097143e-06 -1.12633544e-06 -7.73792885e-07 -4.73252449e-07 -2.58938632e-07 -1.27276602e-07 -5.32279265e-08 -1.70001466e-08 -5.52910028e-09
-1.82349841e-09 -6.08066807e-10 -2.04595667e-10 -4.04779745e-11 -8.11402352e-12 -1.64367808e-12 -3.35844075e-13 -4.08638019e-14 -5.02365045e-15
 9.11154221e-05  9.11176038e-05  9.11192420e-05  9.11222497e-05  9.11277327e-05  9.11373748e-05  9.11540492e-05  9.11851448e-05  9.35975830e-05
 1.47063950e-05 -1.03462574e-04 -9.08852267e-05 -9.04268484e-05 -8.97143077e-05 -8.86303398e-05 -8.68853564e-05 -8.47952605e-05 -8.20369956e-05
-7.75751291e-05 -7.24955321e-05 -6.67426582e-05 -6.01176981e-05 -5.29478997e-05 -4.52090066e-05 -3.72500018e-05 -2.98601473e-05 -2.40372258e-05
-1.89381774e-05 -1.46199094e-05 -1.09092379e-05 -8.21988044e-06 -5.83189075e-06 -4.17635691e-06 -2.82495145e-06 -1.92724820e-06 -1.32401640e-06
-8.09767079e-07 -4.43060175e-07 -2.17777566e-07 -9.10757716e-08 -2.90880576e-08 -9.46053242e-09 -3.12008024e-09 -1.04042571e-09 -3.50070669e-10
-6.92592007e-11 -1.38833572e-11 -2.81238403e-12 -5.74639184e-13 -6.99191232e-14 -8.59560278e-15  1.61084635e-04  1.61088204e-04  1.61090883e-04
 1.61095798e-04  1.61104749e-04  1.61120458e-04  1.61147526e-04  1.61197628e-04  1.61290476e-04  1.65663482e-04  3.12833434e-05 -1.84767463e-04
-1.60383520e-04 -1.59095632e-04 -1.57151752e-04 -1.54037373e-04 -1.50316849e-04 -1.45414273e-04 -1.37492118e-04 -1.28479528e-04 -1.18276734e-04
-1.06530685e-04 -9.38212441e-05 -8.01050512e-05 -6.60003185e-05 -5.29053047e-05 -4.25875346e-05 -3.35527875e-05 -2.59017163e-05 -1.93273550e-05
-1.45626021e-05 -1.03318579e-05 -7.39883160e-06 -5.00464369e-06 -3.41426413e-06 -2.34558186e-06 -1.43454739e-06 -7.84901321e-07 -3.85800856e-07
-1.61343209e-07 -5.15300229e-08 -1.67594408e-08 -5.52724107e-09 -1.84311601e-09 -6.20149585e-10 -1.22692260e-10 -2.45942378e-11 -4.98210441e-12
-1.01796509e-12 -1.23860554e-13 -1.52269488e-14  2.95118060e-04  2.95124067e-04  2.95128573e-04  2.95136840e-04  2.95151884e-04  2.95178258e-04
 2.95223609e-04  2.95307219e-04  2.95460872e-04  2.95735401e-04  3.02765668e-04  5.58676964e-05 -3.37573852e-04 -2.93054973e-04 -2.89397464e-04
-2.83590510e-04 -2.76688687e-04 -2.67619889e-04 -2.52994639e-04 -2.36378122e-04 -2.17582125e-04 -1.95954621e-04 -1.72562085e-04 -1.47323476e-04
-1.21375266e-04 -9.72882826e-05 -7.83117813e-05 -6.16962878e-05 -4.76263106e-05 -3.55369461e-05 -2.67755473e-05 -1.89963282e-05 -1.36034154e-05
-9.20135573e-06 -6.27727001e-06 -4.31241145e-06 -2.63742438e-06 -1.44303115e-06 -7.09283125e-07 -2.96621802e-07 -9.47346057e-08 -3.08109284e-08
-1.01613469e-08 -3.38839182e-09 -1.14008132e-09 -2.25556130e-10 -4.52136250e-11 -9.15898950e-12 -1.87139993e-12 -2.27701364e-13 -2.79926878e-14
 5.27450267e-04  5.27460048e-04  5.27467385e-04  5.27480841e-04  5.27505322e-04  5.27548208e-04  5.27621863e-04  5.27757350e-04  5.28005233e-04
 5.28444089e-04  5.29212981e-04  5.42982886e-04  9.43257257e-05 -5.94289096e-04 -5.21949862e-04 -5.11218873e-04 -4.98593747e-04 -4.82097985e-04
-4.55597512e-04 -4.25563821e-04 -3.91641331e-04 -3.52647471e-04 -3.10500866e-04 -2.65051281e-04 -2.18341644e-04 -1.74994619e-04 -1.40851146e-04
-1.10959921e-04 -8.56508809e-05 -6.39065263e-05 -4.81490961e-05 -3.41589441e-05 -2.44608124e-05 -1.65448705e-05 -1.12868617e-05 -7.75380763e-06
-4.74205493e-06 -2.59450211e-06 -1.27523489e-06 -5.33293310e-07 -1.70319442e-07 -5.53929789e-08 -1.82682443e-08 -6.09165942e-09 -2.04962735e-09
-4.05499382e-10 -8.12834463e-11 -1.64656199e-11 -3.36430424e-12 -4.09347595e-13 -5.03233504e-14  8.67939526e-04  8.67954213e-04  8.67965230e-04
 8.67985431e-04  8.68022175e-04  8.68086519e-04  8.68196952e-04  8.68399838e-04  8.68770152e-04  8.69422777e-04  8.70555855e-04  8.72685043e-04
 9.00316828e-04  1.18726820e-04 -1.05068040e-03 -8.51640282e-04 -8.30180005e-04 -8.02328563e-04 -7.57838031e-04 -7.07603820e-04 -6.50991942e-04
-5.86013815e-04 -5.15855799e-04 -4.40257134e-04 -3.62606802e-04 -2.90576808e-04 -2.33857067e-04 -1.84211669e-04 -1.42183646e-04 -1.06079989e-04
-7.99196360e-05 -5.66953416e-05 -4.05972023e-05 -2.74581721e-05 -1.87312937e-05 -1.28676222e-05 -7.86932554e-06 -4.30539149e-06 -2.11610499e-06
-8.84915842e-07 -2.82610874e-07 -9.19117308e-08 -3.03114320e-08 -1.01074120e-08 -3.40075163e-09 -6.72798403e-10 -1.34862967e-10 -2.73190325e-11
-5.58186980e-12 -6.79162392e-13 -8.34926889e-14  1.61498414e-03  1.61500857e-03  1.61502689e-03  1.61506049e-03  1.61512159e-03  1.61522856e-03
 1.61541206e-03  1.61574893e-03  1.61636286e-03  1.61744182e-03  1.61930543e-03  1.62277036e-03  1.62924770e-03  1.68333458e-03  3.60899758e-04
-1.82730765e-03 -1.58410667e-03 -1.52899488e-03 -1.44234855e-03 -1.34546950e-03 -1.23689296e-03 -1.11271628e-03 -9.78971597e-04 -8.35109934e-04
-6.87538020e-04 -5.50779439e-04 -4.43161682e-04 -3.49011624e-04 -2.69337615e-04 -2.00915634e-04 -1.51349791e-04 -1.07355641e-04 -7.68658545e-05
-5.19840976e-05 -3.54597507e-05 -2.43579442e-05 -1.48953901e-05 -8.14890300e-06 -4.00495346e-06 -1.67469957e-06 -5.34808728e-07 -1.73924801e-07
-5.73564345e-08 -1.91250993e-08 -6.43470743e-09 -1.27299579e-09 -2.55167484e-10 -5.16880700e-11 -1.05608383e-11 -1.28494760e-12 -1.57962724e-13
 2.50720905e-03  2.50724320e-03  2.50726881e-03  2.50731578e-03  2.50740118e-03  2.50755068e-03  2.50780708e-03  2.50827754e-03  2.50913426e-03
 2.51063770e-03  2.51322757e-03  2.51801809e-03  2.52687709e-03  2.54289614e-03  2.63774332e-03  1.76260415e-04 -2.78126196e-03 -2.45704320e-03
-2.31262955e-03 -2.15394575e-03 -1.97774832e-03 -1.77739883e-03 -1.56245308e-03 -1.33188374e-03 -1.09584644e-03 -8.77427902e-04 -7.05726344e-04
-5.55621605e-04 -4.28668973e-04 -3.19696027e-04 -2.40783539e-04 -1.70762699e-04 -1.22247776e-04 -8.26646695e-05 -5.63817215e-05 -3.87261829e-05
-2.36795672e-05 -1.29532571e-05 -6.36557648e-06 -2.66157673e-06 -8.49889370e-07 -2.76373703e-07 -9.11370404e-08 -3.03877430e-08 -1.02237148e-08
-2.02250217e-09 -4.05390165e-10 -8.21157965e-11 -1.67774240e-11 -2.04127682e-12 -2.50935807e-13  3.20994276e-03  3.20998251e-03  3.21001232e-03
 3.21005698e-03  3.21016637e-03  3.21034034e-03  3.21063867e-03  3.21118592e-03  3.21218201e-03  3.21392850e-03  3.21693250e-03  3.22247328e-03
 3.23266196e-03  3.25087011e-03  3.28333413e-03  3.52880121e-03  2.90599435e-04 -3.99201557e-03 -3.07880403e-03 -2.86239707e-03 -2.62426711e-03
-2.35540482e-03 -2.06836350e-03 -1.76152461e-03 -1.44821000e-03 -1.15882208e-03 -9.31623746e-04 -7.33184814e-04 -5.65473991e-04 -4.21599458e-04
-3.17461291e-04 -2.25092147e-04 -1.61113538e-04 -1.08927603e-04 -7.42843836e-05 -5.10170507e-05 -3.11911486e-05 -1.70601847e-05 -8.38286988e-06
-3.50466057e-06 -1.11897755e-06 -3.63847665e-07 -1.19974679e-07 -4.00009634e-08 -1.34574290e-08 -2.66207243e-09 -5.33563710e-10 -1.08075026e-10
-2.20806555e-11 -2.68642989e-12 -3.30236900e-13  5.61912502e-03  5.61918736e-03  5.61923412e-03  5.61931984e-03  5.61947572e-03  5.61974854e-03
 5.62021633e-03  5.62107432e-03  5.62263546e-03  5.62537113e-03  5.63007179e-03  5.63872596e-03  5.65458361e-03  5.68273038e-03  5.73223829e-03
 5.82772200e-03  6.17039808e-03  1.43639190e-03 -6.68103918e-03 -5.37711410e-03 -4.91201049e-03 -4.39582996e-03 -3.85110759e-03 -3.27335460e-03
-2.68668446e-03 -2.14696473e-03 -1.72437761e-03 -1.35598680e-03 -1.04510471e-03 -7.78728323e-04 -5.86104634e-04 -4.15382293e-04 -2.97210854e-04
-2.00873337e-04 -1.36950183e-04 -9.40333957e-05 -5.74765590e-05 -3.14294076e-05 -1.54399049e-05 -6.45358275e-06 -2.06005782e-06 -6.69737788e-07
-2.20809596e-07 -7.36127593e-08 -2.47632234e-08 -4.89800939e-09 -9.81635331e-10 -1.98820044e-10 -4.06183901e-11 -4.94151282e-12 -6.07419294e-13
 8.60872637e-03  8.60881218e-03  8.60887654e-03  8.60899453e-03  8.60920907e-03  8.60958456e-03  8.61022836e-03  8.61140900e-03  8.61355681e-03
 8.61731911e-03  8.62377964e-03  8.63565978e-03  8.65738046e-03  8.69577446e-03  8.76277550e-03  8.88981793e-03  9.07314195e-03  9.60580772e-03
 5.68967448e-04 -1.02680807e-02 -8.28490183e-03 -7.37632354e-03 -6.43680808e-03 -5.45363991e-03 -4.46443150e-03 -3.56017279e-03 -2.85517842e-03
-2.24242398e-03 -1.72651510e-03 -1.28528029e-03 -9.66674652e-04 -6.84627687e-04 -4.89594200e-04 -3.30726916e-04 -2.25387410e-04 -1.54703712e-04
-9.45251600e-05 -5.16691993e-05 -2.53739882e-05 -1.06022757e-05 -3.38323341e-06 -1.09963342e-06 -3.62473002e-07 -1.20820939e-07 -4.06387087e-08
-8.03682131e-09 -1.61050138e-09 -3.26157577e-10 -6.66275604e-11 -8.10497456e-12 -9.96203776e-13  1.04706488e-02  1.04707426e-02  1.04708129e-02
 1.04709419e-02  1.04711764e-02  1.04715868e-02  1.04722905e-02  1.04735808e-02  1.04759277e-02  1.04800379e-02  1.04870926e-02  1.05000549e-02
 1.05237187e-02  1.05654328e-02  1.06378618e-02  1.07738115e-02  1.09663337e-02  1.12726017e-02  1.26399636e-02  1.00257118e-03 -1.32448573e-02
-1.02003884e-02 -8.84301595e-03 -7.45329555e-03 -6.07603131e-03 -4.82977802e-03 -3.86459789e-03 -3.02952045e-03 -2.32888278e-03 -1.73132600e-03
-1.30078168e-03 -9.20311543e-04 -6.57610360e-04 -4.43884672e-04 -3.02318135e-04 -2.07403662e-04 -1.26655650e-04 -6.91945397e-05 -3.39630183e-05
-1.41841204e-05 -4.52398956e-06 -1.46986400e-06 -4.84372815e-07 -1.61415718e-07 -5.42826409e-08 -1.07326218e-08 -2.15032417e-09 -4.35418135e-10
-8.89365256e-11 -1.08173327e-11 -1.32944308e-12  1.33110352e-02  1.33111436e-02  1.33112249e-02  1.33113740e-02  1.33116450e-02  1.33121192e-02
 1.33129323e-02  1.33144233e-02  1.33171350e-02  1.33218831e-02  1.33300305e-02  1.33449935e-02  1.33722851e-02  1.34203163e-02  1.35034721e-02
 1.36586923e-02  1.38764431e-02  1.42174069e-02  1.49161828e-02  1.68840513e-02  1.68049676e-03 -1.75585958e-02 -1.31968210e-02 -1.10288702e-02
-8.93226417e-03 -7.06568073e-03 -5.63477235e-03 -4.40515439e-03 -3.37877289e-03 -2.50692076e-03 -1.88069912e-03 -1.32869378e-03 -9.48354161e-04
-6.39452497e-04 -4.35142460e-04 -2.98317864e-04 -1.82035567e-04 -9.93745215e-05 -4.87418148e-05 -2.03423910e-05 -6.48375458e-06 -2.10552910e-06
-6.93572266e-07 -2.31057278e-07 -7.76821776e-08 -1.53542835e-08 -3.07552806e-09 -6.22636771e-10 -1.27155755e-10 -1.54631131e-11 -1.90012484e-12
 1.62635669e-02  1.62636881e-02  1.62637789e-02  1.62639456e-02  1.62642486e-02  1.62647788e-02  1.62656879e-02  1.62673547e-02  1.62703861e-02
 1.62756934e-02  1.62847988e-02  1.63015153e-02  1.63319866e-02  1.63855544e-02  1.64781138e-02  1.66502535e-02  1.68902874e-02  1.72624926e-02
 1.80097009e-02  1.91301740e-02  2.20507234e-02  1.60598467e-03 -2.29301685e-02 -1.64041170e-02 -1.31520191e-02 -1.03269818e-02 -8.19508155e-03
-6.38158993e-03 -4.87910449e-03 -3.61017455e-03 -2.70275023e-03 -1.90566618e-03 -1.35806528e-03 -9.14371740e-04 -6.21497638e-04 -4.25669633e-04
-2.59477519e-04 -1.41505510e-04 -6.93399826e-05 -2.89124421e-05 -9.20687979e-06 -2.98779009e-06 -9.83669747e-07 -3.27560755e-07 -1.10088386e-07
-2.17503608e-08 -4.35523904e-09 -8.81474870e-10 -1.79975890e-10 -2.18811141e-11 -2.68824340e-12  1.90288838e-02  1.90290141e-02  1.90291117e-02
 1.90292909e-02  1.90296165e-02  1.90301864e-02  1.90311635e-02  1.90329549e-02  1.90362129e-02  1.90419163e-02  1.90517000e-02  1.90696574e-02
 1.91023759e-02  1.91598480e-02  1.92590133e-02  1.94429574e-02  1.96983785e-02  2.00918628e-02  2.08715613e-02  2.20119512e-02  2.37371486e-02
 2.83114149e-02  2.46456465e-03 -2.93002107e-02 -1.96758212e-02 -1.52741478e-02 -1.20287271e-02 -9.31144019e-03 -7.08564280e-03 -5.22193919e-03
-3.89775767e-03 -2.74046750e-03 -1.94871813e-03 -1.30935747e-03 -8.88519151e-04 -6.07746487e-04 -3.69934554e-04 -2.01457063e-04 -9.85867634e-05
-4.10554077e-05 -1.30573022e-05 -4.23335105e-06 -1.39273145e-06 -4.63507528e-07 -1.55703706e-07 -3.07449815e-08 -6.15350944e-09 -1.24497731e-09
-2.54117234e-10 -3.08848439e-11 -3.79339169e-12  2.18877223e-02  2.18878607e-02  2.18879644e-02  2.18881547e-02  2.18885006e-02  2.18891059e-02
 2.18901436e-02  2.18920464e-02  2.18955065e-02  2.19015636e-02  2.19119529e-02  2.19310185e-02  2.19657448e-02  2.20267078e-02  2.21317887e-02
 2.23263409e-02  2.25956922e-02  2.30087684e-02  2.38202866e-02  2.49891583e-02  2.67122164e-02  2.94459970e-02  3.60952709e-02  2.92743075e-03
-3.73647840e-02 -2.38681375e-02 -1.85748279e-02 -1.42447859e-02 -1.07616185e-02 -7.88376564e-03 -5.85888497e-03 -4.10243568e-03 -2.90808105e-03
-1.94826632e-03 -1.31904346e-03 -9.00545180e-04 -5.47062546e-04 -2.97330725e-04 -1.45238774e-04 -6.03779764e-05 -1.91696902e-05 -6.20711878e-06
-2.04005630e-06 -6.78401904e-07 -2.27744155e-07 -4.49348897e-08 -8.98804938e-09 -1.81755780e-09 -3.70836723e-10 -4.50505020e-11 -5.53125955e-12
 2.36015431e-02  2.36016814e-02  2.36017851e-02  2.36019752e-02  2.36023209e-02  2.36029258e-02  2.36039630e-02  2.36058645e-02  2.36093224e-02
 2.36153754e-02  2.36257567e-02  2.36448050e-02  2.36794912e-02  2.37403567e-02  2.38451879e-02  2.40390035e-02  2.43067409e-02  2.47159813e-02
 2.55150365e-02  2.66539649e-02  2.83052241e-02  3.08509749e-02  3.47923899e-02  4.46119530e-02  3.20503910e-03 -4.47187614e-02 -2.99247790e-02
-2.25420281e-02 -1.68110438e-02 -1.21916112e-02 -8.99598614e-03 -6.25826949e-03 -4.41481615e-03 -2.94457279e-03 -1.98669550e-03 -1.35260584e-03
-8.19247514e-04 -4.43981117e-04 -2.16298007e-04 -8.96923905e-05 -2.84065921e-05 -9.18119435e-06 -3.01326406e-06 -1.00090450e-06 -3.35701359e-07
-6.61622460e-08 -1.32225530e-08 -2.67198497e-09 -5.44850998e-10 -6.61487149e-11 -8.11753486e-12  2.10819534e-02  2.10820692e-02  2.10821561e-02
 2.10823154e-02  2.10826050e-02  2.10831118e-02  2.10839807e-02  2.10855737e-02  2.10884705e-02  2.10935411e-02  2.11022372e-02  2.11181919e-02
 2.11472395e-02  2.11981948e-02  2.12859096e-02  2.14479200e-02  2.16713789e-02  2.20121631e-02  2.26748079e-02  2.36128573e-02  2.49588564e-02
 2.69994181e-02  3.00695593e-02  3.50546660e-02  4.82036877e-02 -7.97111783e-04 -4.87438566e-02 -3.09328678e-02 -2.26544845e-02 -1.62047269e-02
-1.18463299e-02 -8.17351975e-03 -5.73132332e-03 -3.80196984e-03 -2.55452966e-03 -1.73345966e-03 -1.04625341e-03 -5.65090551e-04 -2.74450106e-04
-1.13476006e-04 -3.58373195e-05 -1.15586552e-05 -3.78744381e-06 -1.25645208e-06 -4.20972316e-07 -8.28645553e-08 -1.65443178e-08 -3.34060400e-09
-6.80748360e-10 -8.25891906e-11 -1.01292468e-11  1.80345087e-02  1.80346025e-02  1.80346728e-02  1.80348018e-02  1.80350362e-02  1.80354466e-02
 1.80361500e-02  1.80374397e-02  1.80397849e-02  1.80438900e-02  1.80509298e-02  1.80638448e-02  1.80873553e-02  1.81285880e-02  1.81995382e-02
 1.83304906e-02  1.85109119e-02  1.87856137e-02  1.93181999e-02  2.00685569e-02  2.11377479e-02  2.27412677e-02  2.51123942e-02  2.88515368e-02
 3.50495187e-02  5.16632021e-02  3.00500586e-03 -5.10502016e-02 -3.11834652e-02 -2.18472301e-02 -1.57558003e-02 -1.07467788e-02 -7.47494351e-03
-4.92345064e-03 -3.29037961e-03 -2.22343494e-03 -1.33610350e-03 -7.18622045e-04 -3.47694325e-04 -1.43252461e-04 -4.50864884e-05 -1.45053799e-05
-4.74387966e-06 -1.57134883e-06 -5.25827462e-07 -1.03351743e-07 -2.06108848e-08 -4.15785767e-09 -8.46641867e-10 -1.02630428e-10 -1.25787831e-11
 1.64786075e-02  1.64786895e-02  1.64787510e-02  1.64788638e-02  1.64790690e-02  1.64794279e-02  1.64800433e-02  1.64811715e-02  1.64832231e-02
 1.64868141e-02  1.64929723e-02  1.65042692e-02  1.65248325e-02  1.65608906e-02  1.66229198e-02  1.67373508e-02  1.68948904e-02  1.71344875e-02
 1.75980955e-02  1.82492013e-02  1.91727468e-02  2.05483911e-02  2.25612944e-02  2.56821454e-02  3.07104584e-02  3.88090757e-02  5.60828824e-02
 1.38016993e-03 -5.70339351e-02 -3.20806211e-02 -2.27479574e-02 -1.52901387e-02 -1.05291477e-02 -6.87599889e-03 -4.56641458e-03 -3.07072472e-03
-1.83601908e-03 -9.82842417e-04 -4.73524685e-04 -1.94334826e-04 -6.09350428e-05 -1.95508802e-05 -6.38070901e-06 -2.11005760e-06 -7.05164855e-07
-1.38381964e-07 -2.75628064e-08 -5.55478372e-09 -1.13017307e-09 -1.36879731e-10 -1.67645870e-11  1.49382707e-02  1.49383419e-02  1.49383954e-02
 1.49384934e-02  1.49386716e-02  1.49389835e-02  1.49395182e-02  1.49404985e-02  1.49422810e-02  1.49454010e-02  1.49507513e-02  1.49605658e-02
 1.49784293e-02  1.50097490e-02  1.50636142e-02  1.51629417e-02  1.52995974e-02  1.55072323e-02  1.59083061e-02  1.64700506e-02  1.72637549e-02
 1.84392393e-02  2.01445276e-02  2.27531418e-02  2.68624659e-02  3.32277631e-02  4.20505558e-02  6.32993021e-02  4.77638112e-03 -6.19856622e-02
-3.71436880e-02 -2.42903955e-02 -1.64402688e-02 -1.05882308e-02 -6.96335960e-03 -4.64839913e-03 -2.75889880e-03 -1.46685643e-03 -7.02504829e-04
-2.86746026e-04 -8.94499336e-05 -2.85938507e-05 -9.30594132e-06 -3.07068166e-06 -1.02437882e-06 -2.00603757e-07 -3.98910777e-08 -8.02885662e-09
-1.63180516e-09 -1.97406377e-10 -2.41552084e-11  1.19676523e-02  1.19677075e-02  1.19677488e-02  1.19678247e-02  1.19679626e-02  1.19682039e-02
 1.19686175e-02  1.19693759e-02  1.19707550e-02  1.19731688e-02  1.19773080e-02  1.19849008e-02  1.19987195e-02  1.20229452e-02  1.20646023e-02
 1.21413936e-02  1.22469917e-02  1.24073222e-02  1.27166280e-02  1.31489715e-02  1.37581127e-02  1.46565416e-02  1.59520156e-02  1.79155963e-02
 2.09638003e-02  2.55738576e-02  3.17370854e-02  4.13539855e-02  6.47330583e-02 -3.13002439e-03 -6.64300268e-02 -3.38972397e-02 -2.25383908e-02
-1.42927434e-02 -9.29930308e-03 -6.15889710e-03 -3.62688409e-03 -1.91468013e-03 -9.11336795e-04 -3.69930636e-04 -1.14801546e-04 -3.65621381e-05
-1.18661438e-05 -3.90696388e-06 -1.30108568e-06 -2.54265702e-07 -5.04812466e-08 -1.01473767e-08 -2.06022904e-09 -2.48953995e-10 -3.04351150e-11
 9.90213654e-03  9.90218064e-03  9.90221371e-03  9.90227434e-03  9.90238459e-03  9.90257751e-03  9.90290825e-03  9.90351464e-03  9.90461728e-03
 9.90654721e-03  9.90985662e-03  9.91592702e-03  9.92697457e-03  9.94634027e-03  9.97963508e-03  1.00409936e-02  1.01253323e-02  1.02533023e-02
 1.04998993e-02  1.08439750e-02  1.13275447e-02  1.20382071e-02  1.30576130e-02  1.45908932e-02  1.69430759e-02  2.04359677e-02  2.49835860e-02
 3.18044908e-02  4.24883980e-02  7.17810122e-02  8.67332704e-03 -6.89895852e-02 -3.75877207e-02 -2.31267135e-02 -1.47569239e-02 -9.64269831e-03
-5.60654549e-03 -2.92702753e-03 -1.38022587e-03 -5.55694562e-04 -1.71160116e-04 -5.42248495e-05 -1.75297441e-05 -5.75424343e-06 -1.91162598e-06
-3.72520712e-07 -7.37975875e-08 -1.48084838e-08 -3.00232238e-09 -3.62241875e-10 -4.42306309e-11  8.17766125e-03  8.17769672e-03  8.17772332e-03
 8.17777209e-03  8.17786076e-03  8.17801593e-03  8.17828196e-03  8.17876969e-03  8.17965656e-03  8.18120883e-03  8.18387062e-03  8.18875298e-03
 8.19763809e-03  8.21321213e-03  8.23998502e-03  8.28931430e-03  8.35709735e-03  8.45989986e-03  8.65784069e-03  8.93367940e-03  9.32067034e-03
 9.88797957e-03  1.06988496e-02  1.19121548e-02  1.37590627e-02  1.64702835e-02  1.99453256e-02  2.50435890e-02  3.27774721e-02  4.59347375e-02
 7.42013248e-02 -3.84440691e-03 -7.61316789e-02 -3.61005009e-02 -2.25876634e-02 -1.45415779e-02 -8.33864216e-03 -4.30235527e-03 -2.00920297e-03
-8.02224334e-04 -2.45245798e-04 -7.72927354e-05 -2.48915407e-05 -8.14674445e-06 -2.70011013e-06 -5.24735849e-07 -1.03734098e-07 -2.07811051e-08
-4.20755327e-09 -5.06922737e-10 -6.18247845e-11  6.11252521e-03  6.11255098e-03  6.11257031e-03  6.11260575e-03  6.11267017e-03  6.11278293e-03
 6.11297622e-03  6.11333061e-03  6.11397502e-03  6.11510290e-03  6.11703692e-03  6.12058433e-03  6.12703979e-03  6.13835434e-03  6.15780263e-03
 6.19362889e-03  6.24284199e-03  6.31744633e-03  6.46097742e-03  6.66074206e-03  6.94051524e-03  7.34963242e-03  7.93233789e-03  8.79983611e-03
 1.01105399e-02  1.20139653e-02  1.44190263e-02  1.78794221e-02  2.29776191e-02  3.12457639e-02  4.32092822e-02  8.03682628e-02  7.96504037e-03
-7.77435659e-02 -3.82082769e-02 -2.39372959e-02 -1.33928966e-02 -6.77602270e-03 -3.11640595e-03 -1.22867876e-03 -3.71486061e-04 -1.16205869e-04
-3.72204288e-05 -1.21315871e-05 -4.00773967e-06 -7.75921754e-07 -1.52950062e-07 -3.05712348e-08 -6.17843471e-09 -7.42915499e-10 -9.04651545e-11
 4.84035718e-03  4.84037714e-03  4.84039212e-03  4.84041957e-03  4.84046948e-03  4.84055683e-03  4.84070657e-03  4.84098112e-03  4.84148033e-03
 4.84235409e-03  4.84385235e-03  4.84660042e-03  4.85160115e-03  4.86036555e-03  4.87542922e-03  4.90317432e-03  4.94127798e-03  4.99902191e-03
 5.11005101e-03  5.26444026e-03  5.48039520e-03  5.79563422e-03  6.24351713e-03  6.90795579e-03  7.90675700e-03  9.34685632e-03  1.11498855e-02
 1.37134602e-02  1.74284831e-02  2.33075143e-02  3.15464164e-02  4.71303961e-02  8.31860584e-02 -1.39809080e-03 -8.27387920e-02 -4.26914313e-02
-2.30114305e-02 -1.13291684e-02 -5.10872289e-03 -1.98326793e-03 -5.91887189e-04 -1.83572375e-04 -5.84402378e-05 -1.89608675e-05 -6.24146835e-06
-1.20342928e-06 -2.36485698e-07 -4.71534551e-08 -9.51109020e-09 -1.14126675e-09 -1.38742936e-10  3.06078216e-03  3.06079452e-03  3.06080379e-03
 3.06082079e-03  3.06085169e-03  3.06090577e-03  3.06099849e-03  3.06116847e-03  3.06147755e-03  3.06201853e-03  3.06294614e-03  3.06464754e-03
 3.06774352e-03  3.07316939e-03  3.08249429e-03  3.09966707e-03  3.12324631e-03  3.15896846e-03  3.22761787e-03  3.32299780e-03  3.45626012e-03
 3.65047653e-03  3.92579238e-03  4.33292826e-03  4.94215751e-03  5.81499105e-03  6.89908541e-03  8.42487188e-03  1.06056083e-02  1.39880458e-02
 1.85952310e-02  2.69222098e-02  3.97570231e-02  8.17551485e-02 -2.09131453e-03 -8.11066235e-02 -3.25775813e-02 -1.56223141e-02 -6.89366661e-03
-2.63175306e-03 -7.74659828e-04 -2.38122772e-04 -7.53309275e-05 -2.43267140e-05 -7.97870666e-06 -1.53201107e-06 -3.00117305e-07 -5.96957156e-08
-1.20174531e-08 -1.43902739e-09 -1.74654400e-10  2.40512571e-03  2.40513525e-03  2.40514241e-03  2.40515553e-03  2.40517939e-03  2.40522114e-03
 2.40529272e-03  2.40542396e-03  2.40566258e-03  2.40608023e-03  2.40679639e-03  2.40810991e-03  2.41050005e-03  2.41468874e-03  2.42188700e-03
 2.43514190e-03  2.45333866e-03  2.48089982e-03  2.53384359e-03  2.60735450e-03  2.70997012e-03  2.85933438e-03  3.07069863e-03  3.38249757e-03
 3.84744668e-03  4.51040248e-03  5.32899596e-03  6.47276667e-03  8.09200038e-03  1.05707708e-02  1.38891885e-02  1.97365176e-02  2.84560234e-02
 4.53047976e-02  8.93548007e-02  1.14633644e-02 -8.50321604e-02 -2.84309792e-02 -1.22811274e-02 -4.58861788e-03 -1.32715400e-03 -4.03446003e-04
-1.26653331e-04 -4.06694747e-05 -1.32809492e-05 -2.53758515e-06 -4.95287716e-07 -9.82372640e-08 -1.97315428e-08 -2.35709284e-09 -2.85539273e-10
 2.01712685e-03  2.01713472e-03  2.01714062e-03  2.01715144e-03  2.01717110e-03  2.01720552e-03  2.01726451e-03  2.01737268e-03  2.01756936e-03
 2.01791361e-03  2.01850388e-03  2.01958652e-03  2.02155648e-03  2.02500871e-03  2.03094102e-03  2.04186369e-03  2.05685634e-03  2.07955939e-03
 2.12315372e-03  2.18364614e-03  2.26801810e-03  2.39068326e-03  2.56398272e-03  2.81904874e-03  3.19818241e-03  3.73643021e-03  4.39752935e-03
 5.31530603e-03  6.60386497e-03  8.55456517e-03  1.11290500e-02  1.55742879e-02  2.20122110e-02  3.39250844e-02  5.36878777e-02  9.95979074e-02
 7.38783044e-03 -9.50072179e-02 -2.79356771e-02 -1.01851683e-02 -2.87000689e-03 -8.58470434e-04 -2.66568783e-04 -8.49241131e-05 -2.75671564e-05
-5.23211420e-06 -1.01618882e-06 -2.00793527e-07 -4.02097603e-08 -4.78825897e-09 -5.78618369e-10  1.33288084e-03  1.33288594e-03  1.33288976e-03
 1.33289677e-03  1.33290952e-03  1.33293182e-03  1.33297006e-03  1.33304017e-03  1.33316764e-03  1.33339075e-03  1.33377332e-03  1.33447498e-03
 1.33575171e-03  1.33798900e-03  1.34183333e-03  1.34891082e-03  1.35862388e-03  1.37332860e-03  1.40155268e-03  1.44069144e-03  1.49523153e-03
 1.57442635e-03  1.68611825e-03  1.85011482e-03  2.09306390e-03  2.43641543e-03  2.85584007e-03  3.43430215e-03  4.23973960e-03  5.44579212e-03
 7.01592436e-03  9.67657467e-03  1.34312915e-02  2.01127759e-02  3.05514315e-02  4.72151598e-02  1.06374254e-01  6.17009581e-03 -9.96689690e-02
-2.29826081e-02 -6.35395069e-03 -1.86016685e-03 -5.69117121e-04 -1.79391630e-04 -5.77685069e-05 -1.08675594e-05 -2.09713305e-06 -4.12348604e-07
-8.22550044e-08 -9.75547377e-09 -1.17513816e-09  7.83530263e-04  7.83533205e-04  7.83535411e-04  7.83539456e-04  7.83546811e-04  7.83559683e-04
 7.83581748e-04  7.83622204e-04  7.83695764e-04  7.83824512e-04  7.84045274e-04  7.84450168e-04  7.85186888e-04  7.86477851e-04  7.88695987e-04
 7.92779208e-04  7.98382125e-04  8.06862583e-04  8.23133638e-04  8.45683544e-04  8.77081467e-04  9.22621229e-04  9.86747741e-04  1.08070159e-03
 1.21947081e-03  1.41480537e-03  1.65228363e-03  1.97796366e-03  2.42825567e-03  3.09645031e-03  3.95688231e-03  5.39401252e-03  7.38417265e-03
 1.08343660e-02  1.60328684e-02  2.39734579e-02  4.17194172e-02  1.11167234e-01  8.12147389e-03 -1.03787203e-01 -1.21664585e-02 -3.86675215e-03
-1.18915115e-03 -3.73896986e-04 -1.19964593e-04 -2.24513332e-05 -4.31383088e-06 -8.45232000e-07 -1.68121328e-07 -1.98775513e-08 -2.38852128e-09
 4.31428330e-04  4.31429921e-04  4.31431114e-04  4.31433301e-04  4.31437277e-04  4.31444237e-04  4.31456167e-04  4.31478041e-04  4.31517814e-04
 4.31587425e-04  4.31706786e-04  4.31925702e-04  4.32324019e-04  4.33021975e-04  4.34221142e-04  4.36428406e-04  4.39456738e-04  4.44039416e-04
 4.52828828e-04  4.65003230e-04  4.81941729e-04  5.06483608e-04  5.40992089e-04  5.91451062e-04  6.65773945e-04  7.70012232e-04  8.96197259e-04
 1.06838152e-03  1.30498580e-03  1.65337178e-03  2.09788586e-03  2.83167264e-03  3.83295521e-03  5.53558430e-03  8.03725864e-03  1.17425654e-02
 1.96937155e-02  3.83110605e-02  1.16965943e-01  1.70596981e-02 -1.04676812e-01 -1.49791483e-02 -4.61490244e-03 -1.41336984e-03 -4.44019379e-04
-8.12146998e-05 -1.53549240e-05 -2.97292628e-06 -5.85942629e-07 -6.86335825e-08 -8.18846903e-09  1.76504596e-04  1.76505236e-04  1.76505716e-04
 1.76506595e-04  1.76508194e-04  1.76510993e-04  1.76515791e-04  1.76524587e-04  1.76540581e-04  1.76568575e-04  1.76616575e-04  1.76704609e-04
 1.76864784e-04  1.77145446e-04  1.77627631e-04  1.78515097e-04  1.79732531e-04  1.81574490e-04  1.85106158e-04  1.89995492e-04  1.96793481e-04
 2.06633635e-04  2.20451953e-04  2.40621411e-04  2.70257059e-04  3.11687506e-04  3.61652140e-04  4.29533409e-04  5.22318426e-04  6.58041955e-04
 8.29891879e-04  1.11086753e-03  1.48978818e-03  2.12459025e-03  3.04004297e-03  4.36637098e-03  7.12331778e-03  1.32969150e-02  2.85096991e-02
 1.11666537e-01 -4.21396883e-03 -1.10284816e-01 -1.64598789e-02 -5.04576505e-03 -1.54500498e-03 -2.74412953e-04 -5.08407627e-05 -9.70061455e-06
-1.89099014e-06 -2.19067018e-07 -2.59202504e-08  4.75737999e-05  4.75739692e-05  4.75740961e-05  4.75743288e-05  4.75747518e-05  4.75754922e-05
 4.75767614e-05  4.75790884e-05  4.75833196e-05  4.75907252e-05  4.76034231e-05  4.76267115e-05  4.76690835e-05  4.77433262e-05  4.78708713e-05
 4.81055985e-05  4.84275557e-05  4.89145775e-05  4.98480482e-05  5.11396923e-05  5.29342760e-05  5.55293882e-05  5.91687194e-05  6.44709356e-05
 7.22419364e-05  8.30697594e-05  9.60776780e-05  1.13671693e-04  1.37592294e-04  1.72353366e-04  2.16035135e-04  2.86792225e-04  3.81147735e-04
 5.37033212e-04  7.58041404e-04  1.07204934e-03  1.70711650e-03  3.06896932e-03  6.23597647e-03  1.46455423e-02  1.10928995e-01  3.32637354e-04
-1.09275276e-01 -1.61840066e-02 -4.96436691e-03 -8.49428119e-04 -1.53251063e-04 -2.87008566e-05 -5.51873468e-06 -6.30811811e-07 -7.39041184e-08
 1.65963707e-05  1.65964292e-05  1.65964730e-05  1.65965535e-05  1.65966997e-05  1.65969557e-05  1.65973944e-05  1.65981988e-05  1.65996615e-05
 1.66022215e-05  1.66066110e-05  1.66146615e-05  1.66293089e-05  1.66549730e-05  1.66990618e-05  1.67801970e-05  1.68914772e-05  1.70597947e-05
 1.73823576e-05  1.78285817e-05  1.84483554e-05  1.93441974e-05  2.05997413e-05  2.24274540e-05  2.51031596e-05  2.88259537e-05  3.32908189e-05
 3.93183762e-05  4.74950377e-05  5.93453073e-05  7.41919140e-05  9.81549891e-05  1.29978323e-04  1.82300609e-04  2.56075790e-04  3.60299807e-04
 5.69642755e-04  1.01491888e-03  2.04637231e-03  4.98400307e-03  1.62482170e-02  1.09495330e-01  4.87780468e-04 -1.07070311e-01 -1.85042259e-02
-2.99110492e-03 -5.16537201e-04 -9.40606513e-05 -1.77389579e-05 -1.99116462e-06 -2.30294703e-07  5.41117987e-06  5.41119878e-06  5.41121296e-06
 5.41123897e-06  5.41128625e-06  5.41136899e-06  5.41151083e-06  5.41177089e-06  5.41224376e-06  5.41307138e-06  5.41449045e-06  5.41709305e-06
 5.42182829e-06  5.43012499e-06  5.44437766e-06  5.47060549e-06  5.50657593e-06  5.56097877e-06  5.66522125e-06  5.80939544e-06  6.00958333e-06
 6.29882216e-06  6.70396889e-06  7.29329526e-06  8.15515016e-06  9.35265992e-06  1.07866473e-05  1.27191268e-05  1.53351846e-05  1.91171055e-05
 2.38419814e-05  3.14425618e-05  4.14968487e-05  5.79511291e-05  8.10274507e-05  1.13439313e-04  1.78053573e-04  3.14022833e-04  6.24374131e-04
 1.49124696e-03  4.87119183e-03  1.58675957e-02  1.08112412e-01 -5.64721193e-03 -1.07343941e-01 -1.38176932e-03 -6.67356397e-04 -1.37885383e-04
-2.72730427e-05 -3.15302305e-06 -3.70214196e-07  2.08043565e-06  2.08044287e-06  2.08044828e-06  2.08045820e-06  2.08047624e-06  2.08050781e-06
 2.08056193e-06  2.08066115e-06  2.08084156e-06  2.08115733e-06  2.08169875e-06  2.08269172e-06  2.08449834e-06  2.08766372e-06  2.09310134e-06
 2.10310735e-06  2.11682952e-06  2.13758185e-06  2.17734083e-06  2.23231940e-06  2.30863775e-06  2.41886513e-06  2.57318772e-06  2.79751407e-06
 3.12527806e-06  3.58015346e-06  4.12411732e-06  4.85605468e-06  5.84511401e-06  7.27185995e-06  9.05002713e-06  1.19022183e-05  1.56626318e-05
 2.17926082e-05  3.03508050e-05  4.23131053e-05  6.60120571e-05  1.15442162e-04  2.26886841e-04  5.32684722e-04  1.69371530e-03  5.52770775e-03
 1.80892239e-02  1.16234750e-01  2.76168404e-02 -9.53568850e-02 -2.93943754e-03 -8.38438697e-04 -1.65138689e-04 -1.86290604e-05 -2.14192535e-06
 7.11612643e-07  7.11615095e-07  7.11616934e-07  7.11620305e-07  7.11626435e-07  7.11637161e-07  7.11655550e-07  7.11689265e-07  7.11750569e-07
 7.11857863e-07  7.12041833e-07  7.12379237e-07  7.12993109e-07  7.14068666e-07  7.15916272e-07  7.19316041e-07  7.23978257e-07  7.31028596e-07
 7.44534757e-07  7.63207949e-07  7.89123296e-07  8.26541566e-07  8.78906601e-07  9.54982163e-07  1.06605075e-06  1.22003998e-06  1.40397899e-06
 1.65116303e-06  1.98467729e-06  2.46491486e-06  3.06223933e-06  4.01807902e-06  5.27484361e-06  7.31698881e-06  1.01576386e-05  1.41127191e-05
 2.19093204e-05  3.80573906e-05  7.41150532e-05  1.71687225e-04  5.33923293e-04  1.69603350e-03  5.53819650e-03  1.83971155e-02  1.02940053e-01
-6.16317670e-03 -1.00741788e-01 -3.73960779e-03 -9.74975681e-04 -1.09756316e-04 -1.23812238e-05  8.08788948e-08  8.08791690e-08  8.08793747e-08
 8.08797519e-08  8.08804375e-08  8.08816375e-08  8.08836946e-08  8.08874661e-08  8.08943238e-08  8.09063263e-08  8.09269060e-08  8.09646492e-08
 8.10333184e-08  8.11536300e-08  8.13602954e-08  8.17405538e-08  8.22619620e-08  8.30503349e-08  8.45602162e-08  8.66469097e-08  8.95413560e-08
 9.37174735e-08  9.95558916e-08  1.08026390e-07  1.20370367e-07  1.37443819e-07  1.57782504e-07  1.85030552e-07  2.21662610e-07  2.74182728e-07
 3.39193538e-07  4.42631225e-07  5.77739664e-07  7.95587506e-07  1.09593305e-06  1.51015281e-06  2.31679844e-06  3.95882473e-06  7.53797472e-06
 1.68839094e-05  4.95306923e-05  1.44789965e-04  4.15382842e-04  1.09942732e-03  1.31208811e-03  1.02365061e-01  4.70799162e-04 -9.82089711e-02
-5.38213464e-03 -6.63214122e-04 -7.19592889e-05  1.95130503e-08  1.95131164e-08  1.95131659e-08  1.95132568e-08  1.95134219e-08  1.95137110e-08
 1.95142064e-08  1.95151148e-08  1.95167666e-08  1.95196575e-08  1.95246144e-08  1.95337053e-08  1.95502450e-08  1.95792233e-08  1.96290007e-08
 1.97205891e-08  1.98461735e-08  2.00360556e-08  2.03997073e-08  2.09022661e-08  2.15993323e-08  2.26049996e-08  2.40108548e-08  2.60502724e-08
 2.90218592e-08  3.31312256e-08  3.80255045e-08  4.45810213e-08  5.33920847e-08  6.60213059e-08  8.16498384e-08  1.06509044e-07  1.38970511e-07
 1.91297283e-07  2.63424155e-07  3.62884506e-07  5.56570399e-07  9.50953805e-07  1.81143275e-06  4.06430324e-06  1.19959897e-05  3.56109619e-05
 1.06274847e-04  3.17923256e-04  9.41771985e-04  3.54841289e-03  9.95277362e-02 -4.11990696e-03 -9.78057270e-02  3.72452157e-03  5.71822715e-05
 4.33638262e-09  4.33639724e-09  4.33640820e-09  4.33642830e-09  4.33646485e-09  4.33652880e-09  4.33663844e-09  4.33683946e-09  4.33720496e-09
 4.33784467e-09  4.33894153e-09  4.34095316e-09  4.34461307e-09  4.35102535e-09  4.36203991e-09  4.38230594e-09  4.41009364e-09  4.45210675e-09
 4.53256276e-09  4.64374017e-09  4.79792631e-09  5.02033171e-09  5.33116143e-09  5.78191679e-09  6.43840166e-09  7.34571416e-09  8.42561144e-09
 9.87098040e-09  1.18119837e-08  1.45912712e-08  1.80267803e-08  2.34843331e-08  3.06004650e-08  4.20522909e-08  5.78080613e-08  7.94929896e-08
 1.21621788e-07  2.07132769e-07  3.92943235e-07  8.76821801e-07  2.56764760e-06  7.55935688e-06  2.23853323e-05  6.66856982e-05  1.99641258e-04
 1.02807083e-03  4.04552113e-03  1.02726581e-01  1.79886089e-02 -8.60501553e-02  2.60616271e-03  8.87765567e-10  8.87768549e-10  8.87770786e-10
 8.87774887e-10  8.87782344e-10  8.87795393e-10  8.87817763e-10  8.87858776e-10  8.87933351e-10  8.88063871e-10  8.88287666e-10  8.88698102e-10
 8.89444837e-10  8.90753137e-10  8.93000426e-10  8.97135224e-10  9.02804526e-10  9.11375875e-10  9.27789361e-10  9.50468423e-10  9.81917510e-10
 1.02727458e-09  1.09065231e-09  1.18253624e-09  1.31630906e-09  1.50110859e-09  1.72094560e-09  2.01501193e-09  2.40965166e-09  2.97428145e-09
 3.67162075e-09  4.77827845e-09  6.21961604e-09  8.53612265e-09  1.17186469e-08  1.60922937e-08  2.45737478e-08  4.17468094e-08  7.89451660e-08
 1.75412258e-07  5.10501814e-07  1.49282957e-06  4.38903313e-06  1.29827929e-05  3.86624380e-05  2.01282979e-04  1.05423514e-03  4.64098366e-03
 9.04415425e-02 -1.89214643e-03 -1.71716873e-01  3.90236429e-11  3.90237704e-11  3.90238661e-11  3.90240415e-11  3.90243603e-11  3.90249183e-11
 3.90258750e-11  3.90276288e-11  3.90308179e-11  3.90363993e-11  3.90459694e-11  3.90635206e-11  3.90954520e-11  3.91513949e-11  3.92474829e-11
 3.94242567e-11  3.96665942e-11  4.00328934e-11  4.07340360e-11  4.17022052e-11  4.30435973e-11  4.49758834e-11  4.76714763e-11  5.15708862e-11
 5.72310912e-11  6.50204295e-11  7.42462624e-11  8.65270039e-11  1.02913995e-10  1.26201174e-10  1.54746928e-10  1.99652158e-10  2.57554840e-10
 3.49544435e-10  4.74280527e-10  6.43363594e-10  9.65652637e-10  1.60290389e-09  2.94005367e-09  6.25723494e-09  1.70097397e-08  4.56909069e-08
 1.20421289e-07  3.07324137e-07  7.38632443e-07  2.00511821e-06 -4.66809104e-06 -1.85535655e-04 -4.04881136e-03  8.50154847e-02  1.69140724e-01
