! FREQN: log10(freq/Z^2) grid for each level
! 29 energy points x 15 levels, column-major (Fortran order)
       19.516982
       19.164810
       18.915052
       18.563043
       18.120083
       17.828904
       17.521260
       17.174377
       16.931912
       16.747387
       16.600083
       16.377277
       16.215909
       16.094200
       15.999955
       15.925518
       15.866216
       15.817969
       15.745954
       15.676626
       15.613849
       15.562692
       15.533972
       15.525713
       15.521260
       15.518864
       15.518023
       15.517421
       15.516939
       19.516949
       19.164737
       18.914922
       18.562750
       18.119270
       17.827313
       17.518023
       17.167149
       16.919200
       16.727792
       16.572317
       16.329852
       16.145327
       15.998094
       15.876964
       15.775097
       15.688665
       15.613849
       15.492095
       15.358548
       15.215909
       15.074566
       14.979337
       14.948961
       14.931912
       14.922531
       14.919200
       14.916804
       14.914879
       19.516943
       19.164723
       18.914898
       18.562696
       18.119119
       17.827018
       17.517421
       17.165797
       16.916804
       16.724064
       16.566974
       16.320472
       16.130898
       15.977703
       15.849803
       15.740463
       15.646019
       15.562696
       15.423010
       15.261631
       15.074579
       14.863704
       14.696235
       14.635934
       14.600123
       14.579728
       14.572359
       14.567017
       14.562696
       19.516941
       19.164719
       18.914889
       18.562677
       18.119066
       17.826915
       17.517210
       17.165323
       16.915963
       16.722752
       16.565089
       16.317140
       16.125732
       15.970333
       15.839881
       15.727658
       15.630046
       15.543267
       15.395977
       15.221861
       15.011789
       14.756488
       14.527662
       14.435545
       14.377277
       14.342650
       14.329852
       14.320471
       14.312819
       19.516940
       19.164717
       18.914886
       18.562668
       18.119042
       17.826867
       17.517112
       17.165103
       16.915573
       16.722143
       16.564213
       16.315589
       16.123320
       15.966880
       15.835211
       15.721601
       15.622449
       15.533972
       15.382871
       15.202143
       14.979337
       14.696203
       14.420029
       14.298047
       14.215909
       14.164752
       14.145327
       14.130897
       14.118999
       19.516940
       19.164715
       18.914883
       18.562663
       18.119029
       17.826841
       17.517059
       17.164984
       16.915361
       16.721812
       16.563737
       16.314744
       16.122004
       15.964992
       15.832652
       15.718275
       15.618265
       15.528838
       15.375583
       15.191044
       14.960636
       14.659571
       14.348026
       14.199875
       14.094175
       14.025088
       13.998063
       13.977668
       13.960636
       19.516939
       19.164715
       18.914882
       18.562661
       18.119021
       17.826825
       17.517027
       17.164912
       16.915233
       16.721612
       16.563450
       16.314234
       16.121209
       15.963850
       15.831103
       15.716257
       15.615723
       15.525712
       15.371128
       15.184212
       14.948958
       14.635891
       14.298034
       14.127792
       13.999929
       13.912303
       13.876929
       13.849764
       13.826742
       19.516939
       19.164714
       18.914881
       18.562659
       18.119016
       17.826815
       17.517006
       17.164865
       16.915150
       16.721482
       16.563263
       16.313903
       16.120692
       15.963107
       15.830094
       15.714942
       15.614066
       15.523672
       15.368212
       15.179720
       14.941207
       14.619801
       14.262209
       14.073663
       13.925602
       13.819464
       13.775217
       13.740590
       13.710759
       19.516939
       19.164714
       18.914881
       18.562657
       18.119012
       17.826808
       17.516992
       17.164833
       16.915093
       16.721394
       16.563135
       16.313676
       16.120337
       15.962597
       15.829401
       15.714039
       15.612925
       15.522267
       15.366202
       15.176613
       14.935812
       14.608414
       14.235819
       14.032225
       13.866132
       13.741981
       13.688539
       13.645876
       13.608454
       19.516939
       19.164714
       18.914880
       18.562657
       18.119009
       17.826803
       17.516982
       17.164810
       16.915052
       16.721330
       16.563043
       16.313513
       16.120083
       15.962231
       15.828904
       15.713391
       15.612108
       15.521260
       15.364758
       15.174377
       14.931912
       14.600083
       14.215909
       13.999955
       13.817969
       13.676626
       13.613849
       13.562692
       13.516939
       19.516939
       19.164713
       18.914880
       18.562656
       18.119008
       17.826799
       17.516974
       17.164793
       16.915022
       16.721283
       16.562976
       16.313392
       16.119895
       15.961961
       15.828537
       15.712911
       15.611502
       15.520513
       15.363687
       15.172715
       14.929003
       14.593814
       14.200566
       13.974434
       13.778545
       13.621032
       13.548931
       13.488931
       13.434153
       19.516939
       19.164713
       18.914880
       18.562655
       18.119006
       17.826796
       17.516969
       17.164780
       16.914999
       16.721247
       16.562924
       16.313301
       16.119752
       15.961755
       15.828257
       15.712546
       15.611041
       15.519944
       15.362870
       15.171447
       14.926778
       14.588984
       14.188523
       13.953966
       13.745966
       13.573403
       13.492115
       13.423028
       13.358576
       19.516939
       19.164713
       18.914880
       18.562655
       18.119005
       17.826794
       17.516964
       17.164770
       16.914981
       16.721219
       16.562884
       16.313230
       16.119641
       15.961595
       15.828039
       15.712262
       15.610681
       15.519501
       15.362233
       15.170457
       14.925038
       14.585188
       14.178914
       13.937343
       13.718804
       13.532347
       13.442104
       13.363780
       13.289052
       19.516939
       19.164713
       18.914879
       18.562655
       18.119004
       17.826792
       17.516961
       17.164762
       16.914967
       16.721197
       16.562852
       16.313173
       16.119552
       15.961468
       15.827866
       15.712036
       15.610396
       15.519149
       15.361728
       15.169670
       14.923652
       14.582152
       14.171135
       13.923684
       13.695974
       13.496762
       13.397869
       13.310243
       13.224682
       19.516939
       19.164713
       18.914879
       18.562654
       18.119003
       17.826791
       17.516958
       17.164756
       16.914956
       16.721179
       16.562826
       16.313127
       16.119481
       15.961365
       15.827726
       15.711854
       15.610166
       15.518864
       15.361319
       15.169034
       14.922532
       14.579688
       14.164756
       13.912343
       13.676639
       13.465764
       13.358576
       13.261657
       13.164756
