! XN: level-averaged log10(sigma) cross-sections
! 29 energy points x 15 levels, column-major (Fortran order)
! Karzas, W.J. and Latter, R. 1961, ApJS 6, 167-212
      -30.274422
      -29.048572
      -28.181067
      -26.962272
      -25.437868
      -24.444170
      -23.404269
      -22.248421
      -21.454163
      -20.858944
      -20.390346
      -19.694283
      -19.200905
      -18.835387
      -18.556686
      -18.339364
      -18.168213
      -18.030238
      -17.826632
      -17.633456
      -17.461067
      -17.322353
      -17.245241
      -17.223162
      -17.211266
      -17.204840
      -17.202587
      -17.200999
      -17.199715
      -31.779474
      -30.553459
      -29.685827
      -28.466543
      -26.940432
      -25.943993
      -24.898608
      -23.729491
      -22.917021
      -22.298979
      -21.803393
      -21.042629
      -20.473370
      -20.025469
      -19.660029
      -19.355246
      -19.098003
      -18.876442
      -18.517855
      -18.127425
      -17.714170
      -17.308930
      -17.038908
      -16.953361
      -16.905447
      -16.879127
      -16.869826
      -16.863085
      -16.857754
      -32.659912
      -31.433874
      -30.566210
      -29.346836
      -27.820290
      -26.823453
      -25.777089
      -24.605440
      -23.789519
      -23.167057
      -22.666147
      -21.891933
      -21.306393
      -20.839041
      -20.451712
      -20.122889
      -19.840361
      -19.591597
      -19.176587
      -18.699419
      -18.149566
      -17.533628
      -17.049033
      -16.875774
      -16.773227
      -16.714935
      -16.693926
      -16.678663
      -16.666369
      -33.284599
      -32.058554
      -31.190879
      -29.971473
      -28.444826
      -27.447836
      -26.401066
      -25.228582
      -24.411413
      -23.787317
      -23.284581
      -22.505775
      -21.914353
      -21.439606
      -21.044235
      -20.705972
      -20.413135
      -20.153596
      -19.714525
      -19.197426
      -18.576241
      -17.824248
      -17.155428
      -16.887819
      -16.719154
      -16.619216
      -16.582315
      -16.555295
      -16.533276
      -33.769146
      -32.543097
      -31.675417
      -30.455996
      -28.929303
      -27.932243
      -26.885239
      -25.712408
      -24.894628
      -24.269941
      -23.766226
      -22.985245
      -22.390846
      -21.912586
      -21.513577
      -21.170761
      -20.873304
      -20.608270
      -20.156957
      -19.619181
      -18.958075
      -18.121143
      -17.308727
      -16.951892
      -16.712503
      -16.563827
      -16.507488
      -16.465627
      -16.431184
      -34.165051
      -32.939000
      -32.071317
      -30.851888
      -29.325169
      -28.328071
      -27.280986
      -26.107892
      -25.289843
      -24.664705
      -24.160564
      -23.378190
      -22.782394
      -22.302428
      -21.901012
      -21.555896
      -21.255472
      -20.987585
      -20.529803
      -19.979782
      -19.295022
      -18.402541
      -17.482757
      -17.047424
      -16.737838
      -16.536084
      -16.457331
      -16.397931
      -16.348398
      -34.499784
      -33.273731
      -32.406047
      -31.186614
      -29.659879
      -28.662758
      -27.615624
      -26.442410
      -25.624138
      -24.998790
      -24.494343
      -23.711394
      -23.114332
      -22.633333
      -22.230699
      -21.884181
      -21.582185
      -21.312152
      -20.849982
      -20.292819
      -19.593097
      -18.663739
      -17.663648
      -17.161477
      -16.785637
      -16.528798
      -16.425342
      -16.345983
      -16.278790
      -34.789743
      -33.563690
      -32.696004
      -31.476568
      -29.949823
      -28.952576
      -27.905521
      -26.732230
      -25.913849
      -25.288312
      -24.783697
      -24.000359
      -23.402741
      -22.921064
      -22.517235
      -22.169801
      -21.866776
      -21.595595
      -21.130798
      -20.568503
      -19.858590
      -18.903358
      -17.843146
      -17.285660
      -16.849210
      -16.537235
      -16.407454
      -16.306014
      -16.218699
      -35.045505
      -33.819451
      -32.951765
      -31.732326
      -30.205575
      -29.208318
      -28.161241
      -26.987832
      -26.169441
      -25.543807
      -25.039029
      -24.255440
      -23.657439
      -23.175297
      -22.770919
      -22.422852
      -22.118723
      -21.846749
      -21.380133
      -20.814545
      -20.097359
      -19.123314
      -18.017622
      -17.414518
      -16.923750
      -16.558183
      -16.401026
      -16.275647
      -16.165911
      -35.274293
      -34.048238
      -33.180551
      -31.961111
      -30.434355
      -29.437090
      -28.389998
      -27.216550
      -26.398051
      -25.772354
      -25.267495
      -24.483312
      -23.885464
      -23.402587
      -22.997820
      -22.649302
      -22.344664
      -22.072514
      -21.604193
      -21.035827
      -20.313639
      -19.326284
      -18.184568
      -17.544349
      -17.005732
      -16.588554
      -16.403642
      -16.253350
      -16.118795
      -35.481256
      -34.255201
      -33.387514
      -32.168073
      -30.641313
      -29.644043
      -28.596939
      -27.423463
      -26.604924
      -25.979176
      -25.474255
      -24.689915
      -24.091864
      -23.608739
      -23.203681
      -22.854826
      -22.549810
      -22.276842
      -21.807547
      -21.237407
      -20.511071
      -19.513620
      -18.342986
      -17.672186
      -17.092253
      -16.625647
      -16.412652
      -16.237373
      -16.076228
      -35.670198
      -34.444144
      -33.576456
      -32.357014
      -30.830251
      -29.832977
      -28.785864
      -27.612367
      -26.793798
      -26.168012
      -25.663043
      -24.878583
      -24.280378
      -23.797065
      -23.391784
      -23.042673
      -22.737368
      -22.464078
      -21.994040
      -21.422148
      -20.692935
      -19.687256
      -18.494545
      -17.795069
      -17.182159
      -16.669643
      -16.429381
      -16.227310
      -16.037494
      -35.844009
      -34.617954
      -33.750266
      -32.530823
      -31.004058
      -30.006781
      -28.959661
      -27.786148
      -26.967555
      -26.341739
      -25.836687
      -25.051753
      -24.453445
      -23.969994
      -23.564544
      -23.215236
      -22.909707
      -22.636559
      -22.165546
      -21.592592
      -20.861125
      -19.849269
      -18.640363
      -17.921966
      -17.273191
      -16.719020
      -16.451969
      -16.222218
      -16.001878
      -36.004932
      -34.778877
      -33.911189
      -32.691746
      -31.164979
      -30.167699
      -29.120574
      -27.947047
      -27.128436
      -26.502596
      -25.997515
      -25.212506
      -24.614103
      -24.130536
      -23.724949
      -23.375482
      -23.069774
      -22.796032
      -22.324557
      -21.750758
      -21.017491
      -20.000677
      -18.777116
      -18.041065
      -17.364348
      -16.772813
      -16.479089
      -16.221551
      -15.968930
      -36.154748
      -34.928693
      -34.061005
      -32.841561
      -31.314793
      -30.317511
      -29.270382
      -28.096844
      -27.278218
      -26.652358
      -26.147254
      -25.362186
      -24.763705
      -24.280044
      -23.874346
      -23.524751
      -23.218899
      -22.944996
      -22.473148
      -21.898667
      -21.163944
      -20.143099
      -18.907170
      -18.155759
      -17.454858
      -16.827663
      -16.509932
      -16.224591
      -15.938340
