! EKARSAS: energy grid (E/Rydberg) for n>15 scaling
! 29 values
   10000.000000
    4444.000000
    2500.000000
    1111.000000
     400.000000
     204.100000
     100.000000
      44.440000
      25.000000
      16.000000
      11.110000
       6.250000
       4.000000
       2.778000
       2.041000
       1.562000
       1.235000
       1.000000
       0.694400
       0.444400
       0.250000
       0.111100
       0.040000
       0.020410
       0.010000
       0.004444
       0.002500
       0.001111
       0.000000
