! XL: l-resolved log10(sigma) cross-sections
! 29 energy points x 6 l-values x 6 levels, column-major
! XL(:, l+1, n) for n=1-6, l=0-5
      -30.274422
      -29.048572
      -28.181067
      -26.962272
      -25.437868
      -24.444170
      -23.404269
      -22.248421
      -21.454163
      -20.858944
      -20.390346
      -19.694283
      -19.200905
      -18.835387
      -18.556686
      -18.339364
      -18.168213
      -18.030238
      -17.826632
      -17.633456
      -17.461067
      -17.322353
      -17.245241
      -17.223162
      -17.211266
      -17.204840
      -17.202587
      -17.200999
      -17.199715
        0.000000
        0.000000
        0.000000
        0.000000
        0.000000
        0.000000
        0.000000
        0.000000
        0.000000
        0.000000
        0.000000
        0.000000
        0.000000
        0.000000
        0.000000
        0.000000
        0.000000
        0.000000
        0.000000
        0.000000
        0.000000
        0.000000
        0.000000
        0.000000
        0.000000
        0.000000
        0.000000
        0.000000
        0.000000
        0.000000
        0.000000
        0.000000
        0.000000
        0.000000
        0.000000
        0.000000
        0.000000
        0.000000
        0.000000
        0.000000
        0.000000
        0.000000
        0.000000
        0.000000
        0.000000
        0.000000
        0.000000
        0.000000
        0.000000
        0.000000
        0.000000
        0.000000
        0.000000
        0.000000
        0.000000
        0.000000
        0.000000
        0.000000
        0.000000
        0.000000
        0.000000
        0.000000
        0.000000
        0.000000
        0.000000
        0.000000
        0.000000
        0.000000
        0.000000
        0.000000
        0.000000
        0.000000
        0.000000
        0.000000
        0.000000
        0.000000
        0.000000
        0.000000
        0.000000
        0.000000
        0.000000
        0.000000
        0.000000
        0.000000
        0.000000
        0.000000
        0.000000
        0.000000
        0.000000
        0.000000
        0.000000
        0.000000
        0.000000
        0.000000
        0.000000
        0.000000
        0.000000
        0.000000
        0.000000
        0.000000
        0.000000
        0.000000
        0.000000
        0.000000
        0.000000
        0.000000
        0.000000
        0.000000
        0.000000
        0.000000
        0.000000
        0.000000
        0.000000
        0.000000
        0.000000
        0.000000
        0.000000
        0.000000
        0.000000
        0.000000
        0.000000
        0.000000
        0.000000
        0.000000
        0.000000
        0.000000
        0.000000
        0.000000
        0.000000
        0.000000
        0.000000
        0.000000
        0.000000
        0.000000
        0.000000
        0.000000
        0.000000
        0.000000
        0.000000
        0.000000
        0.000000
        0.000000
        0.000000
        0.000000
        0.000000
      -31.177414
      -29.951530
      -29.083850
      -27.864712
      -26.339031
      -25.343652
      -24.299685
      -23.134693
      -22.327692
      -21.716473
      -21.228927
      -20.487480
      -19.941059
      -19.517455
      -19.178033
      -18.899376
      -18.668043
      -18.471683
      -18.160149
      -17.830286
      -17.492277
      -17.172499
      -16.965517
      -16.901255
      -16.865263
      -16.845632
      -16.838714
      -16.833696
      -16.829681
      -35.779538
      -34.184208
      -33.083933
      -31.512708
      -29.543604
      -28.256123
      -26.903279
      -25.387738
      -24.333408
      -23.531477
      -22.889415
      -21.907557
      -21.178842
      -20.610306
      -20.152156
      -19.774043
      -19.458248
      -19.189136
      -18.759267
      -18.299831
      -17.823327
      -17.365980
      -17.066362
      -16.972218
      -16.919695
      -16.890892
      -16.880696
      -16.873357
      -16.867478
        0.000000
        0.000000
        0.000000
        0.000000
        0.000000
        0.000000
        0.000000
        0.000000
        0.000000
        0.000000
        0.000000
        0.000000
        0.000000
        0.000000
        0.000000
        0.000000
        0.000000
        0.000000
        0.000000
        0.000000
        0.000000
        0.000000
        0.000000
        0.000000
        0.000000
        0.000000
        0.000000
        0.000000
        0.000000
        0.000000
        0.000000
        0.000000
        0.000000
        0.000000
        0.000000
        0.000000
        0.000000
        0.000000
        0.000000
        0.000000
        0.000000
        0.000000
        0.000000
        0.000000
        0.000000
        0.000000
        0.000000
        0.000000
        0.000000
        0.000000
        0.000000
        0.000000
        0.000000
        0.000000
        0.000000
        0.000000
        0.000000
        0.000000
        0.000000
        0.000000
        0.000000
        0.000000
        0.000000
        0.000000
        0.000000
        0.000000
        0.000000
        0.000000
        0.000000
        0.000000
        0.000000
        0.000000
        0.000000
        0.000000
        0.000000
        0.000000
        0.000000
        0.000000
        0.000000
        0.000000
        0.000000
        0.000000
        0.000000
        0.000000
        0.000000
        0.000000
        0.000000
        0.000000
        0.000000
        0.000000
        0.000000
        0.000000
        0.000000
        0.000000
        0.000000
        0.000000
        0.000000
        0.000000
        0.000000
        0.000000
        0.000000
        0.000000
        0.000000
        0.000000
        0.000000
        0.000000
        0.000000
        0.000000
        0.000000
        0.000000
        0.000000
        0.000000
        0.000000
        0.000000
        0.000000
        0.000000
      -31.705705
      -30.479739
      -29.612265
      -28.392746
      -26.866974
      -25.871133
      -24.826672
      -23.659806
      -22.850344
      -22.235989
      -21.744734
      -20.993964
      -20.435725
      -19.998364
      -19.643303
      -19.347420
      -19.097776
      -18.881962
      -18.529746
      -18.137370
      -17.701228
      -17.231454
      -16.873769
      -16.748412
      -16.674666
      -16.633129
      -16.617776
      -16.606984
      -16.598091
      -36.234105
      -34.655854
      -33.538432
      -31.967064
      -29.997698
      -28.709867
      -27.356451
      -25.839127
      -24.782259
      -23.977343
      -23.331485
      -22.340276
      -21.599900
      -21.017917
      -20.544424
      -20.149344
      -19.815760
      -19.527654
      -19.058410
      -18.538322
      -17.967020
      -17.364676
      -16.918642
      -16.765111
      -16.675798
      -16.625318
      -16.607492
      -16.594210
      -16.583614
      -41.364414
      -39.434006
      -38.066663
      -36.143204
      -33.730242
      -32.150245
      -30.487089
      -28.617809
      -27.311427
      -26.313205
      -25.509946
      -24.270587
      -23.339149
      -22.602299
      -21.924436
      -21.493723
      -21.063954
      -20.691590
      -20.080654
      -19.397357
      -18.637161
      -17.823176
      -17.209853
      -16.996234
      -16.871214
      -16.800539
      -16.775144
      -16.756765
      -16.741919
        0.000000
        0.000000
        0.000000
        0.000000
        0.000000
        0.000000
        0.000000
        0.000000
        0.000000
        0.000000
        0.000000
        0.000000
        0.000000
        0.000000
        0.000000
        0.000000
        0.000000
        0.000000
        0.000000
        0.000000
        0.000000
        0.000000
        0.000000
        0.000000
        0.000000
        0.000000
        0.000000
        0.000000
        0.000000
        0.000000
        0.000000
        0.000000
        0.000000
        0.000000
        0.000000
        0.000000
        0.000000
        0.000000
        0.000000
        0.000000
        0.000000
        0.000000
        0.000000
        0.000000
        0.000000
        0.000000
        0.000000
        0.000000
        0.000000
        0.000000
        0.000000
        0.000000
        0.000000
        0.000000
        0.000000
        0.000000
        0.000000
        0.000000
        0.000000
        0.000000
        0.000000
        0.000000
        0.000000
        0.000000
        0.000000
        0.000000
        0.000000
        0.000000
        0.000000
        0.000000
        0.000000
        0.000000
        0.000000
        0.000000
        0.000000
        0.000000
        0.000000
        0.000000
        0.000000
        0.000000
        0.000000
        0.000000
        0.000000
        0.000000
        0.000000
        0.000000
        0.000000
      -32.080641
      -30.854674
      -29.986801
      -28.767697
      -27.241693
      -26.245685
      -25.200974
      -24.033538
      -23.223063
      -22.607845
      -22.115266
      -21.360872
      -20.798453
      -20.355878
      -19.995174
      -19.692644
      -19.435600
      -19.211713
      -18.841933
      -18.420428
      -17.932110
      -17.363567
      -16.873130
      -16.680219
      -16.559751
      -16.488746
      -16.462241
      -16.443053
      -16.427763
      -36.585694
      -35.007703
      -33.890016
      -32.318668
      -30.349350
      -29.061334
      -27.707618
      -26.189677
      -25.132040
      -24.325956
      -23.678826
      -22.684226
      -21.939671
      -21.352566
      -20.873369
      -20.471723
      -20.130813
      -19.835172
      -19.348733
      -18.800381
      -18.178384
      -17.480038
      -16.904760
      -16.685329
      -16.550262
      -16.471169
      -16.442151
      -16.420831
      -16.403759
      -41.585694
      -39.655304
      -38.288039
      -36.364454
      -33.951410
      -32.371226
      -30.707789
      -28.837992
      -27.530994
      -26.531796
      -25.727043
      -24.484484
      -23.549206
      -22.807462
      -22.198909
      -21.686891
      -21.250382
      -20.870478
      -20.243060
      -19.532238
      -18.722925
      -17.815346
      -17.075994
      -16.798160
      -16.628568
      -16.529588
      -16.493472
      -16.467238
      -16.445815
      -47.062815
      -44.780358
      -43.163100
      -40.887314
      -38.030685
      -36.158301
      -34.185235
      -31.963719
      -30.407089
      -29.214529
      -28.252197
      -26.761810
      -25.634821
      -24.737662
      -23.998757
      -23.374580
      -22.839980
      -22.373323
      -21.598611
      -20.713453
      -19.693804
      -18.530997
      -17.563112
      -17.193424
      -16.965517
      -16.832288
      -16.783370
      -16.747717
      -16.718672
        0.000000
        0.000000
        0.000000
        0.000000
        0.000000
        0.000000
        0.000000
        0.000000
        0.000000
        0.000000
        0.000000
        0.000000
        0.000000
        0.000000
        0.000000
        0.000000
        0.000000
        0.000000
        0.000000
        0.000000
        0.000000
        0.000000
        0.000000
        0.000000
        0.000000
        0.000000
        0.000000
        0.000000
        0.000000
        0.000000
        0.000000
        0.000000
        0.000000
        0.000000
        0.000000
        0.000000
        0.000000
        0.000000
        0.000000
        0.000000
        0.000000
        0.000000
        0.000000
        0.000000
        0.000000
        0.000000
        0.000000
        0.000000
        0.000000
        0.000000
        0.000000
        0.000000
        0.000000
        0.000000
        0.000000
        0.000000
        0.000000
        0.000000
      -32.371142
      -31.145245
      -30.277611
      -29.058332
      -27.532386
      -26.536299
      -25.491539
      -24.323724
      -23.512880
      -22.897091
      -22.403960
      -21.648140
      -21.083702
      -20.638728
      -20.275002
      -19.969127
      -19.708598
      -19.480857
      -19.102318
      -18.665521
      -18.148008
      -17.516456
      -16.921283
      -16.663742
      -16.492247
      -16.386117
      -16.345903
      -16.316173
      -16.291778
      -36.866137
      -35.287883
      -34.170413
      -32.599199
      -30.629663
      -29.341564
      -27.987755
      -26.469536
      -25.411517
      -24.604882
      -23.957191
      -22.961135
      -22.214481
      -21.625034
      -21.142933
      -20.738297
      -20.393941
      -20.094254
      -19.599261
      -19.036165
      -18.385686
      -17.626125
      -16.948476
      -16.665818
      -16.480643
      -16.367024
      -16.324502
      -16.292865
      -16.266917
      -41.816885
      -39.886598
      -38.519116
      -36.595706
      -34.182651
      -32.602365
      -30.938792
      -29.068803
      -27.761491
      -26.761551
      -25.956256
      -24.712472
      -23.775049
      -23.031086
      -22.420027
      -21.905038
      -21.464940
      -21.081321
      -20.445565
      -19.720393
      -18.883701
      -17.916497
      -17.077571
      -16.738117
      -16.519620
      -16.387033
      -16.337715
      -16.301341
      -16.271391
      -47.128880
      -44.846322
      -43.229046
      -40.953347
      -38.096716
      -36.224291
      -34.250943
      -32.029199
      -30.472360
      -29.279276
      -28.316408
      -26.824527
      -25.695751
      -24.796176
      -24.054627
      -23.427631
      -22.889877
      -22.419401
      -21.636478
      -20.737351
      -19.690904
      -18.469715
      -17.404053
      -16.973748
      -16.697901
      -16.531879
      -16.469784
      -16.423961
      -16.386588
      -52.894711
      -50.260082
      -48.392958
      -45.765034
      -42.464679
      -40.300146
      -38.017153
      -35.443424
      -33.636754
      -32.250427
      -31.129593
      -29.389103
      -28.068001
      -27.012118
      -26.138711
      -25.398332
      -24.761042
      -24.202462
      -23.268415
      -22.188504
      -20.919298
      -19.415147
      -18.073478
      -17.521544
      -17.163795
      -16.946562
      -16.865194
      -16.805098
      -16.755865
        0.000000
        0.000000
        0.000000
        0.000000
        0.000000
        0.000000
        0.000000
        0.000000
        0.000000
        0.000000
        0.000000
        0.000000
        0.000000
        0.000000
        0.000000
        0.000000
        0.000000
        0.000000
        0.000000
        0.000000
        0.000000
        0.000000
        0.000000
        0.000000
        0.000000
        0.000000
        0.000000
        0.000000
        0.000000
      -32.608820
      -31.382756
      -30.515126
      -29.295866
      -27.769793
      -26.773814
      -25.728819
      -24.560932
      -23.750086
      -23.133811
      -22.640288
      -21.883631
      -21.318035
      -20.871913
      -20.506426
      -20.198858
      -19.936428
      -19.706400
      -19.322760
      -18.877373
      -18.342274
      -17.669792
      -16.995256
      -16.680122
      -16.457336
      -16.312694
      -16.256489
      -16.214113
      -16.178612
      -37.098169
      -35.519950
      -34.402525
      -32.831070
      -30.861699
      -29.573885
      -28.219694
      -26.701459
      -25.643044
      -24.836230
      -24.188105
      -23.191275
      -22.443490
      -21.852666
      -21.369042
      -20.962634
      -20.616374
      -20.314553
      -19.814673
      -19.242970
      -18.575541
      -17.775947
      -17.020568
      -16.681448
      -16.445735
      -16.294606
      -16.235710
      -16.191866
      -16.154983
      -42.024362
      -40.094064
      -38.726686
      -36.803137
      -34.390124
      -32.809866
      -31.146180
      -29.276029
      -27.968300
      -26.968324
      -26.162701
      -24.918051
      -23.979662
      -23.234506
      -22.621799
      -22.105162
      -21.663212
      -21.277514
      -20.637026
      -19.903484
      -19.050185
      -18.044511
      -17.129904
      -16.735338
      -16.467566
      -16.298269
      -16.232977
      -16.184230
      -16.143922
      -47.267412
      -44.984913
      -43.367636
      -41.091842
      -38.235239
      -36.362731
      -34.389528
      -32.167518
      -30.610443
      -29.417223
      -28.453971
      -26.961283
      -25.831491
      -24.930907
      -24.187725
      -23.559075
      -23.019383
      -22.547066
      -21.759545
      -20.852145
      -19.789541
      -18.530522
      -17.390884
      -16.906727
      -16.582667
      -16.380139
      -16.302886
      -16.245236
      -16.197380
      -52.845039
      -50.210247
      -48.343069
      -45.715131
      -42.414728
      -40.250164
      -37.967149
      -35.393156
      -33.586496
      -32.199833
      -31.078643
      -29.337458
      -27.969702
      -26.958401
      -26.083595
      -25.341555
      -24.702345
      -24.141808
      -23.203287
      -22.115356
      -20.830007
      -19.288694
      -17.874057
      -17.268729
      -16.863465
      -16.610369
      -16.513883
      -16.442010
      -16.382570
      -58.850334
      -55.863542
      -53.746437
      -50.766409
      -47.022317
      -44.565391
      -41.972509
      -39.046704
      -36.990356
      -35.410261
      -34.131188
      -32.140740
      -30.626018
      -29.411767
      -28.404701
      -27.548439
      -26.808936
      -26.159088
      -25.067378
      -23.795088
      -22.279431
      -20.436907
      -18.711058
      -17.957760
      -17.446882
      -17.124901
      -17.001376
      -16.909196
      -16.832806
